	nucleotide metabolism	metabolism of terpenoids and polyketides	glycan biosynthesis and metabolism	metabolism of other secondary metabolites	biosynthesis of other secondary metabolites	lipid metabolism	energy metabolism	metabolism of other amino acids	metabolism of cofactors and vitamins	xenobiotics biodegradation and metabolism	amino acid metabolism	carbohydrate metabolism
DLF001	0.03659023335750012	0.028906813523352438	0.07077191792891317	0.0	0.06737564340253592	0.040882651469181644	0.10648033099072167	0.029994680448071024	0.0897964748965608	0.0690760153277889	0.15320785801811845	0.3069173806372559
DLF002	0.0406820255623493	0.0279401665437483	0.05174593041442194	2.9982722636529028e-06	0.06745277078873797	0.04265161828335084	0.11874579879604526	0.032470996349954304	0.09153343097994601	0.07065688878405436	0.17246867104638314	0.2836487041787449
DLF003	0.04961165855210268	0.029154333793155726	0.044455798710020346	1.06957524725085e-06	0.07694098744587613	0.04294264094459317	0.1243857277689496	0.031469985262329796	0.09289084763035688	0.06230395600376682	0.17424788167435692	0.27159511263924463
DLF004	0.043123397967033385	0.028777757164508085	0.053396230975655296	4.37265757155442e-07	0.07316600213531703	0.040164927084012085	0.12232777914126321	0.03462409419334338	0.09206177101627395	0.05637758821367696	0.17301100817667342	0.28296900666648583
DLF005	0.04537495681505076	0.02728890218611727	0.047848771978409754	8.796555515054163e-07	0.07337258140002939	0.04538684370316713	0.12247470525319377	0.030510200285404295	0.09068425848380425	0.0645931540396556	0.1712718480936059	0.2811928981060105
DLF006	0.042821259409088805	0.029230101530762817	0.045045463677206646	3.6948691007865803e-06	0.06764803716727794	0.044831927872106894	0.1243254856008327	0.032265969115734344	0.09623295354149487	0.07419899547563524	0.17540457327677383	0.26799153846398516
DLF007	0.034418234973429315	0.03187774078010712	0.06693689382586633	0.0	0.0676241319771563	0.04217893031792534	0.11058137614329502	0.030914967386291913	0.09195072698495024	0.07261199686778029	0.1619320372122253	0.28897296353097274
DLF008	0.03192966430561216	0.028345689929511395	0.06482468864886365	0.0	0.06431340073994778	0.042251741189603585	0.11261015037706731	0.03411849056999806	0.08596589014665014	0.07724780598685703	0.1581646832728323	0.30022779483305667
DLF009	0.03998350631461198	0.026025203797297208	0.045577340008206645	5.764214932651134e-07	0.06795134700194842	0.04595886513979083	0.12486178056898393	0.03818380465052283	0.08864497083093915	0.0767782653287864	0.16387820396682234	0.282156135970597
DLF010	0.04970326476188738	0.02585994383080084	0.043055520168712384	1.5046121490312791e-06	0.0730927811597828	0.045920008024306874	0.12238943733113186	0.03245407340712898	0.08636734566227668	0.07334981988139366	0.17530535502608216	0.27250094613434717
DLF012	0.040857209380286336	0.023827112212041975	0.03321014786910105	9.092880640198492e-06	0.06835942901090981	0.04612005301682753	0.12664347882910026	0.03421113876551009	0.08829887312435274	0.0722294675354983	0.18187483217606656	0.28435916519966514
DLF013	0.04037572018654982	0.02679853817045031	0.05246865524798372	4.399661672449232e-06	0.07106726842745259	0.04127685646588118	0.12473988543750122	0.03190049822076349	0.08950064128750924	0.06602815893559037	0.17699064399331377	0.27884873396533183
DLF014	0.04279203290513866	0.023505605909467948	0.03627039493359812	9.628330389981495e-07	0.07690480429631465	0.04408696986085901	0.10877792712387797	0.03349612187216495	0.09090782191354342	0.06735594370946599	0.19255749121785132	0.2833439234246789
DLM001	0.0428105049236431	0.026581711799940358	0.055724951957859224	1.6396050216720527e-06	0.07126282585548531	0.03895080742114831	0.12579932123998253	0.03333075573602228	0.09200069864111442	0.06319055572718069	0.17510471055710894	0.2752415165354932
DLM002	0.04438524777061672	0.02769625293093167	0.045873231789945026	9.159904800603558e-07	0.07154753252167666	0.043314528385404644	0.1187864930609047	0.03159148815903959	0.0931089018015898	0.06512020832823355	0.17530572796169214	0.2832694712994855
DLM003	0.07265698251212063	0.024895173824489577	0.05010309110976555	1.282358382186754e-06	0.09780944196081595	0.03637385661698873	0.11066242318556382	0.028552287267598	0.10971731693322084	0.06054040914307696	0.15605733020347445	0.2526304048845033
DLM004	0.035588710047749925	0.026286622960529207	0.07237301797923724	0.0	0.06564437966189261	0.03623608843101815	0.1193579364585786	0.02989464076953461	0.09324801709335045	0.06373498054998308	0.1636450381283403	0.29399056791978584
DLM005	0.04268220419117568	0.02774904879627846	0.04679034310752129	5.58665478822651e-07	0.07060371174406113	0.04255817152273112	0.12270730723902933	0.031324651600619216	0.09448823291485102	0.0693251805598316	0.1784824562794418	0.27328813337898067
DLM006	0.04584434079429553	0.029083643793805618	0.04684692601929554	2.402231077619241e-06	0.07265485583844432	0.04109516078637626	0.12478111303687647	0.030773598835138385	0.09734778065514059	0.06373646338214582	0.1776019603571891	0.2702317542702148
DLM007	0.0413470962946143	0.026794566827796077	0.0558404914554507	2.106241074773588e-06	0.06941146886923144	0.03924378900530846	0.12190110072470979	0.030419296316223636	0.09127526030674013	0.06992092370450777	0.17069712141114532	0.28314677884319756
DLM008	0.043866319157406776	0.027402985311892353	0.04246539311716481	6.307750445202728e-06	0.06943657396114909	0.04290733548902198	0.1221866376282456	0.0312426803713805	0.0902957803428017	0.0696985028059568	0.17912740248587405	0.28136408157866116
DLM009	0.04091121206217708	0.03196011496104029	0.02897995051537141	0.0	0.07471280369959958	0.05246132637314364	0.12071396610127481	0.03172164231902534	0.08901468072941429	0.08263108548541959	0.1870411341117581	0.25985208364177587
DLM010	0.03636981437342671	0.028860292331634924	0.0458646615959593	2.16811436175301e-06	0.06465727647670384	0.04313323844514864	0.11545683247173504	0.03216284804179619	0.09283203272368552	0.08974447377461488	0.1662266702226666	0.2846896914282666
DLM011	0.037943889386334514	0.027440739553821546	0.05695856391227526	1.4481102566625736e-06	0.06752613749047674	0.03716118050893586	0.12313922457002793	0.031198571744382002	0.09854869483110455	0.06466094381313682	0.16845480032863303	0.286965805750615
DLM012	0.04786628252178413	0.02343420393590299	0.03824616554657047	8.028533191519164e-06	0.08002268689258238	0.04411085130152368	0.1054907234333451	0.03624794004117781	0.085218786894387	0.06660606099296515	0.1900580389495862	0.2826902309569835
DLM013	0.04345565057367257	0.02426749690357392	0.04692099801716249	1.019797928816485e-06	0.0679058189327574	0.04521263125027544	0.12136950311691269	0.032916280854341146	0.08932596967372018	0.07000876667354437	0.17834515662477574	0.28027070758133527
DLM014	0.04078258594972759	0.028770369286568207	0.05775434457938924	1.839917112536072e-06	0.0686669812967093	0.04004217762824882	0.1242278191959632	0.03106170312033721	0.09438534419737259	0.06808167052082582	0.17084206232368127	0.27538310198406435
DLM015	0.03864794560442638	0.0285317547107228	0.05415450346182509	2.2844712392722528e-06	0.0651521286441349	0.0403995018148816	0.11761034796339628	0.03252442769073922	0.09241607330258107	0.0711344427011412	0.1708846812813277	0.2885419083535844
DLM016	0.039963536124126564	0.02604424917658577	0.049164975441179266	6.2195089594257835e-06	0.06749310736599473	0.03964124827053489	0.12731284100617865	0.03319895806098318	0.09355795957638702	0.06787671000280113	0.17262340154502512	0.2831167939212442
DLM017	0.04391067485497747	0.029114018324539363	0.05191108887933829	1.7382001368089993e-06	0.07178023122999237	0.03955588757805921	0.12094899099127435	0.03321348177375729	0.09355901410115743	0.06111350239579544	0.17137091606887223	0.2835204556020997
DLM018	0.044431406335155806	0.026013668425808118	0.04264557007108019	8.110698178117199e-07	0.07528819606821469	0.041715046256571624	0.12380596970231068	0.03250303489364637	0.09480125683349254	0.06179615218495177	0.18305894124305674	0.2739399469158935
DLM019	0.048374043177432095	0.025718915691679767	0.04145903933478261	1.4900277343551393e-06	0.07377201885390214	0.0466498697681572	0.12944027223343782	0.03137254394022979	0.0853651575287474	0.0733492957123973	0.17644629895669486	0.26805105477480473
DLM020	0.03468062831461132	0.027415047326155885	0.0661901254904911	0.0	0.06514675003982731	0.03874702717933979	0.11462554915696978	0.03277478275354111	0.0912721000118403	0.06512190483574921	0.16782241369626422	0.29620367119521
DLM021	0.03978316145113589	0.025878370584558927	0.050295189817049744	1.0365220941686223e-06	0.0672995059821205	0.03848735620626793	0.12470597366472595	0.032514222865915696	0.09575729932235	0.0634991767264209	0.17494027491350297	0.2868384319438574
DLM022	0.04935597689512305	0.024979525036212164	0.050931898724034336	2.2403405249443884e-06	0.07333164278023711	0.046111351930850225	0.13280448585521806	0.031986741652573515	0.08250294239921323	0.07087025021918503	0.1672251065793129	0.2698978375875155
DLM023	0.040754777303616645	0.02567579423214988	0.045364552285398034	1.3095872697609614e-05	0.06852533437792661	0.041724333273082975	0.12182682585406877	0.03101122537277004	0.09245684558841753	0.06578678075508028	0.17699379632834875	0.28986663875644286
DLM024	0.03302651716657424	0.025142716985354776	0.03131499121836238	0.0	0.06175341837491858	0.04853274384758042	0.12827514487096645	0.039369115795719334	0.08548901296624077	0.08386859513756598	0.1656565077729505	0.29757123586376677
DLM027	0.04457057981865505	0.027810634996237687	0.03690420049729945	1.2825239284706083e-06	0.07508365569296614	0.047929676697713725	0.11890961342871477	0.03433220835541031	0.09197392142277634	0.0716040604971691	0.17968330517960282	0.2711968608895262
DLM028	0.04067229370566055	0.026891513371387208	0.04601862975425	2.360414543152125e-06	0.06866015389965899	0.04437407400718861	0.1192610685703404	0.03419704656701682	0.09130616294885585	0.07533952548679758	0.17300246849862128	0.2802747027756797
DOF002	0.05114723889473681	0.026455908083651024	0.047582379070027846	9.087620919874522e-06	0.07478305285679904	0.048467857277847734	0.12868436606293077	0.03198653793200227	0.09028380305257223	0.07235546002071433	0.16849344570301683	0.2597508634247812
DOF003	0.03971306355726897	0.027316468424561372	0.053078355496250895	4.030962161274419e-06	0.0685296164713431	0.045391085682122634	0.1201362027599179	0.033028352721489206	0.09029487830154283	0.06923615317238646	0.16708858743775748	0.2861832050131979
DOF004	0.038510097981039784	0.028052405829537098	0.050049625184430235	3.558154961824093e-06	0.0673256344264658	0.04287575194847208	0.1215635123500389	0.032513347349036846	0.09787547414773605	0.06890529016382935	0.17568218119956033	0.27664312126489166
DOF006	0.03370693949665576	0.02805237490157179	0.06743924435976904	7.159760480347069e-07	0.06461826866241935	0.03796522785909859	0.11977943201383001	0.03285525801119713	0.09298532963924012	0.06532114997876239	0.16277895890287877	0.294497100198529
DOF007	0.04874029915304356	0.02608609993066311	0.07398212741338545	0.0	0.07365982764822061	0.0396512650977641	0.11184752049635428	0.03003940941700156	0.08881287513748479	0.06300073127527477	0.15355806759803797	0.29062177683276963
DOF008	0.04450956612546875	0.024830130464951763	0.03495110941504881	6.024687994057946e-06	0.07592363800993812	0.048985375956101064	0.11704126025550851	0.03319591037012207	0.08556932729351963	0.07289066495860717	0.17738001805894082	0.2847169744037992
DOF009	0.040105839192952616	0.027040570169388413	0.054993894810502195	1.1027614903676294e-06	0.07000415676292256	0.04005575497461591	0.12352573418704008	0.03246878332001654	0.09320535947737278	0.06759171000777728	0.17296376001610284	0.2780433343198184
DOF010	0.04513394919114211	0.027709069258118873	0.04221622113768753	0.0	0.06789889853463371	0.04485299148087944	0.11692249173938511	0.03373252210357097	0.08987211399409835	0.07609688252786256	0.16786381798551653	0.2877010420471048
DOF011	0.04212628811196748	0.027635131396295507	0.059446078882163245	0.0	0.06925983976106843	0.03507106117376849	0.11942424661748335	0.03370460789363976	0.09867916434618473	0.05519644394822027	0.1701475102326441	0.28930962763656454
DOF012	0.04487542637508669	0.026904907400171933	0.03840265120855552	0.0	0.07414722558876027	0.05045540862203551	0.11022773836054231	0.03406770917566519	0.08911956438293499	0.0811711369528207	0.16897552598125562	0.28165270595217134
DOF013	0.03918572156662146	0.027348440752194156	0.05764890936640455	3.634923855659044e-06	0.06574196653474641	0.039899131771896613	0.11764090062277024	0.030761901929606077	0.10267681677767154	0.06392433721489346	0.17051812877191397	0.28465010976742583
DOF014	0.041630660580681156	0.027370604982532066	0.0477254455087327	5.499969727758135e-07	0.06985983325812932	0.04089182015754767	0.11931298739801635	0.03203742797879118	0.0938300109107687	0.06824195163864336	0.1748355817380579	0.2842631258511269
DOM001	0.042921828877308894	0.02908144678378834	0.050874138627654726	1.0514712008280145e-06	0.06986465486077773	0.04172280221837741	0.12057752397243171	0.03174709178079959	0.09392075450054804	0.069005956264666	0.17492667912959137	0.2753560715128554
DOM003	0.044025089368640774	0.027065126738708395	0.04133667881470671	3.3285557031167483e-07	0.07270290116098856	0.040776101103816076	0.12194899317616652	0.037469012290424285	0.09448610085477205	0.06138128177942664	0.17556846843447532	0.2832399134223043
DOM005	0.03446611449648729	0.02972744910034746	0.07238964761681103	0.0	0.06691722442890499	0.044590571077509744	0.10941876106110014	0.03163994260757623	0.08633881911591199	0.0732429631406798	0.15123482516819553	0.30003368218647575
DOM008	0.035727766322914724	0.029786046805286768	0.059880328910061446	0.0	0.06354548271501832	0.03899692813679777	0.11508175636931031	0.031647842095648214	0.0934125204433999	0.07239437598087481	0.1648287837454575	0.29469816847523017
DOM010	0.04156590327824297	0.027451479288627834	0.05143691020757651	2.8591593987419305e-07	0.06879167843925978	0.040351797946361144	0.125242873569704	0.032507070354933325	0.09579379510373406	0.0673371851348283	0.1667805483991712	0.2827404723616211
DOM012	0.045741173053111324	0.029762318406029824	0.04002214529911309	3.5819370870821062e-06	0.07210006814425847	0.04886302321711931	0.1260402733141117	0.03348746451191354	0.09041370705707262	0.07703052237060999	0.17877707355783373	0.25775864913173935
DOM013	0.05080327832455654	0.02519618465260723	0.04900125473962689	1.2931752179347472e-05	0.07389552944986534	0.0459377336159813	0.12260105794674193	0.029951277816435806	0.09467144548260756	0.06508612372573512	0.17135357806051116	0.27148960443315173
DOM014	0.054384338802951425	0.028321903236184262	0.04936185896933367	1.6566375792607787e-05	0.07695004182180977	0.045390961634943924	0.12262833900382172	0.030773554365525896	0.09189965027988882	0.07256532744341256	0.16795290171656085	0.2597545563497747
DOM015	0.039870195292053386	0.0270885963502402	0.06020622713196993	3.4937071769311923e-06	0.06683760438122653	0.038943362926445436	0.11563882496373988	0.032936065420652076	0.09438495004666125	0.06650736995415915	0.1746296190612312	0.28295369076444404
DOM016	0.03929095706081534	0.027516716920759875	0.05278404425656008	1.5869140170427382e-06	0.06638384876914148	0.03861134964684845	0.12570239175169212	0.033605416009972265	0.09697324661856332	0.06739482418577016	0.17188964413425398	0.2798459737316058
DOM017	0.03779043920043009	0.0314329455646441	0.05780501794775369	0.0	0.0667991076276138	0.04140121654019007	0.11626164669101524	0.03035538378848957	0.09339244027930883	0.07165324696191888	0.1629162585264881	0.2901922968721476
DOM018	0.04113321720883203	0.02508745719654512	0.04476522922763352	1.074963643359164e-05	0.06850728336849313	0.03978984322336492	0.12782274827526888	0.03220786403144076	0.09763180267916387	0.06218860976166093	0.1818333633243384	0.2790218320668249
DOM019	0.04291422819789827	0.026799450798347103	0.05312324326430147	6.83128357467376e-06	0.07119623582385078	0.03990179807091338	0.12151430152355253	0.03353957545037433	0.09241021466822713	0.06695549419084018	0.1690381722189139	0.2826004545092063
DOM020	0.04076224277667734	0.02784668457624506	0.05007749102107924	8.872199223671043e-07	0.06860568097286678	0.039052839054950564	0.12105591934435388	0.03033023248821294	0.09726715602691574	0.0675069336156696	0.1652561765412603	0.29223775636184607
DOM021	0.040098705162326075	0.02607641440451867	0.06086737402800768	2.1445866640495824e-06	0.06806264803283386	0.0369005569856747	0.1258687055872915	0.03224732620114879	0.09684641400403386	0.06271626922126201	0.1697735470793847	0.2805398947068542
DOM022	0.042185118956298895	0.02804309168199188	0.054774387261480775	6.787414704448264e-07	0.07237690783303082	0.039457552612989465	0.12784132718372446	0.032463811948746764	0.0967132247021911	0.06369441102460094	0.16547980699557874	0.27696968105789577
DOM023	0.0428064869914474	0.02987590291478915	0.05229427040684838	1.279368627269383e-06	0.0736218852909893	0.03766296637080404	0.1233546837597054	0.033845365282733436	0.0996797396057818	0.06004282372977991	0.16999147136755113	0.2768231249109428
DOM024	0.041087178145478576	0.027911089757895125	0.053565332080480914	5.228339814729328e-06	0.06773218080478395	0.04084853147666558	0.12116340592955605	0.03220190384956995	0.09514378409712385	0.06759829882442	0.1753610997170866	0.27738196697712453
DOM025	0.04194497885001342	0.027167725672756233	0.04420386596064569	2.9629988988487315e-06	0.06656324152927984	0.04273350830510282	0.1243975293235206	0.03288367999691453	0.09411290622576218	0.07741546410336228	0.17150215039641678	0.2770719866373268
DOM026	0.039045797787590326	0.02881671011592992	0.055651044179720506	7.0253755562193734e-06	0.06849027140901093	0.0412407338377495	0.11584937737621025	0.030927290382389477	0.09200879047078361	0.06675498016598896	0.16982714714256633	0.2913808317565039
NLF001	0.038757318358372386	0.027370045702366706	0.05366478172057512	2.0555377010500443e-06	0.06414692438144316	0.040800533813142144	0.1174085293251567	0.031072470269004122	0.09429907551473171	0.06731953788435868	0.17080414427355758	0.29435458321959057
NLF002	0.04033920702701381	0.027316114222889272	0.050003261508967035	1.6821865693434997e-06	0.06694590590035669	0.0400956194478761	0.11988120231699502	0.03157414043656037	0.0954737500325792	0.06541330068278013	0.17328135843934384	0.2896744577980692
NLF005	0.04573034390572976	0.028759840470023626	0.049671516787959266	4.7025987938767037e-07	0.07357843235197346	0.04066552933088358	0.12409281792004571	0.03157093367910143	0.09399036052199514	0.06450446492797621	0.17466966093752884	0.2727656289069036
NLF006	0.04684661019619444	0.02659185721884265	0.04977192201521932	9.038759096392983e-06	0.07450894748874085	0.0361054722102403	0.12707362873192185	0.03142046270896553	0.09589301109101604	0.05778027986291978	0.17349005852208463	0.28050871119475823
NLF007	0.04603051753309642	0.02766963572397165	0.04230749465259857	1.0670843705936405e-06	0.07341675022468286	0.043119341984466035	0.12403072427825465	0.03159979999980068	0.09016552724431463	0.06916499881714021	0.17774642717133804	0.27474771528596575
NLF008	0.04033307240707952	0.026130625883118472	0.053872801190457384	0.0	0.06619617292553331	0.038964220832187035	0.12284855923479006	0.030928129790557216	0.09809840617177024	0.06420274204323101	0.16900654244362795	0.28941872707764793
NLF009	0.039624917511153455	0.02810710198483213	0.05456143741911979	1.1728792022523654e-06	0.06773982652287763	0.04157487394078069	0.11499520322115399	0.031039522673943405	0.09204940948938567	0.06843453934648648	0.1702197791858806	0.2916522158251838
NLF010	0.037094385289866895	0.029046027184883798	0.06335041701332832	1.4842083763728637e-06	0.06554916577181306	0.03497066122629286	0.11364569047663367	0.030553961050937564	0.09874162386142331	0.06503374172432962	0.16598526775329925	0.29602757443881517
NLF011	0.04485812164714381	0.028926634901586534	0.050793153360417086	1.8163046030766043e-06	0.07153900199749966	0.044115719224601724	0.12306840473005157	0.028921773322596035	0.09723881811357059	0.06810635248056313	0.1706179636192064	0.2718122402981604
NLF012	0.040213509644614696	0.02764334029692241	0.050278146277418695	1.2458719991384312e-06	0.06894504123062734	0.04049367604809197	0.122114701535154	0.032337696712009055	0.09609763842964938	0.06389182406683835	0.17524427828553787	0.282738901601137
NLF013	0.04375837665496436	0.026756856147349618	0.04561371291764564	3.6273528495533206e-06	0.0738196494673693	0.04270984228161995	0.12171224843406662	0.03045892911635219	0.09297308499402097	0.066201718132727	0.17617737839170466	0.27981457610933014
NLF014	0.03508911963765079	0.02862736981312742	0.05999908833808873	0.0	0.06496395593196033	0.04030151601178393	0.11684545117935713	0.032708004131349645	0.09707053758758238	0.06929374592196497	0.16201522155989154	0.2930859898872432
NLF015	0.034345682372602715	0.027248096501055415	0.06221432546309193	8.711825667772792e-06	0.06260034859466143	0.038788206375526685	0.12044173932670836	0.033194217877112894	0.09257422639355449	0.067479629610902	0.16349924597661414	0.2976055696825023
NLM001	0.04436579286464763	0.028284832392283375	0.05020207086894379	0.0	0.07434578325758236	0.041129244837834575	0.12271106871118927	0.033874377668750275	0.09122632995005532	0.06378581814534466	0.1701491494147561	0.27992553188861263
NLM002	0.04903034290905804	0.03047420849864316	0.04585907123011734	0.0	0.07587049052431408	0.0329190183497549	0.12805724872961413	0.03411509691342472	0.1036488374964963	0.057999690213371626	0.1748625372577654	0.26716345787744034
NLM003	0.03695497845316887	0.028256300395654032	0.060655210228919586	8.682714755937859e-07	0.06337624461717747	0.04074815958823816	0.12373333900244252	0.03166148162194252	0.09912599650923361	0.07217516179128551	0.16678647029533383	0.2765257892251283
NLM004	0.043736759267772735	0.02933753918027106	0.04987073104637215	1.7282433854851391e-06	0.07682587678707571	0.04091349655118448	0.11350264715146748	0.03308318540275577	0.08679828503731135	0.0609923431419496	0.16990827922793555	0.2950291289625187
NLM005	0.03770977446210515	0.029853652697486344	0.0530052984396746	1.5765358014588657e-06	0.06687803822854974	0.04368115518828212	0.12106603083125786	0.03010734110704922	0.09623650312315106	0.07099759170145305	0.16817319810610343	0.282289839579086
NLM006	0.041169554085056924	0.026410851038489853	0.054458702339088096	6.621519910388417e-07	0.07039488286724263	0.03902265031149057	0.11769705123567496	0.031588404696058406	0.09716572714371084	0.06493868634363713	0.16882558491678656	0.2883272428707731
NLM007	0.03968023705567312	0.02441164803366175	0.05101837559242438	1.0916894217206052e-05	0.06662220198136438	0.03895699811337239	0.12478437858062438	0.030884564624029817	0.09990324697497868	0.06356002208697549	0.17665270190419574	0.28351470815848273
NLM008	0.042959857390681824	0.02808938646263376	0.044579019476906456	7.5045236542315936e-06	0.07163521429158975	0.04631911178266959	0.11778998643704312	0.03119857039952802	0.09769816474824533	0.06427354689405616	0.17871894643716116	0.27673069115583065
NLM009	0.05095092014677773	0.031826384443963476	0.04623998172034805	6.8104342411386e-07	0.08038584807353713	0.039606617963000294	0.11617088023005329	0.034973252934447224	0.09365613917992252	0.058020886689961144	0.16991544560502694	0.2782529619695379
NLM010	0.03989710870881684	0.027320151563278983	0.05241436426360935	2.9703204220848756e-06	0.06824982185069994	0.04503011260435872	0.11977298450846198	0.03144003268877111	0.09433218694343916	0.06506277689776133	0.1756200285895803	0.2808574610608001
NLM015	0.04493920973348385	0.031095644743696603	0.04528446681544876	8.038003131346861e-06	0.07236167724352423	0.043852835885465596	0.12400238030642345	0.032914957345292144	0.09708147614468582	0.06996088303676751	0.17137773165364248	0.2671206990884382
NLM016	0.04570602060731542	0.03545718417960651	0.0550534092889123	3.57646841942126e-06	0.08034416357875365	0.034446702032314834	0.11923886447459775	0.033759998904498184	0.09061740805348581	0.05345612607088618	0.1669746583035125	0.2849418880376976
NLM017	0.03921896794308644	0.028968246852974056	0.05866168881458142	1.516305627588073e-06	0.06695499556850311	0.04435389103648852	0.11322082574231103	0.030761565930000036	0.08612251334434663	0.06878066291836397	0.16190833444868552	0.3010467910950318
NLM021	0.04220198785729969	0.026661710902299195	0.05347055405838768	1.005771068469907e-05	0.07068456240319305	0.0411077539834508	0.12785531609902837	0.03224048053683482	0.09239265207251357	0.06236277429519377	0.17766864103484808	0.2733435090462661
NLM022	0.04096603021740686	0.027156061358136287	0.04372102549421178	1.7489670889514373e-06	0.06998060807785435	0.04371498182064629	0.12454309675834266	0.0333326100709087	0.09321339680637261	0.06783279309194067	0.18009211812306775	0.2754455292140231
NLM023	0.03763573400094463	0.02797748465438761	0.06093201497503233	0.0	0.06456877507656986	0.04406915888043716	0.11680822756419287	0.03222021040383619	0.09033138735166964	0.0725541532243514	0.16095859901805296	0.29194425485052544
NLM024	0.0406770910503174	0.028828239399621054	0.050720755606724045	4.608047490964255e-07	0.07157484429698019	0.038872244788984316	0.12903555162425961	0.03573777524222771	0.09436034966672843	0.05483197348409537	0.1734882479701559	0.281872466065157
NLM025	0.059821443007894694	0.0304885130981368	0.051588810954187526	9.54259342972103e-07	0.08140796259333623	0.03952286659487631	0.11421749252967932	0.03271568788464139	0.09815121875138427	0.06564068653414319	0.168470547205649	0.2579738165867283
NLM026	0.04605094084235078	0.026117928223603173	0.04450011199312409	8.131748341874349e-07	0.07346895642887662	0.04455689272376408	0.12488859141736545	0.03204127850243314	0.08592761470773533	0.06756938085694325	0.17203463941849206	0.28284285171047785
NLM027	0.04549411656704515	0.028099719942586285	0.0346184247417596	6.487659127285064e-06	0.07573189239498597	0.05155634150741179	0.10925930190595155	0.03545229497015234	0.08176246561125163	0.08499685029140927	0.17357421239277934	0.2794478920155399
NLM028	0.03939400923875263	0.02677292889069906	0.04768195416283078	6.590004343991626e-06	0.0670083475591979	0.04104078088244699	0.12251705967779751	0.03202313514996065	0.09573642671139415	0.06651574804737587	0.17984567379942082	0.28145734587577964
NLM029	0.04906866945211782	0.028081313211030776	0.043679424343161875	5.007867896516302e-06	0.07503213918172343	0.0454612082478191	0.1200669763683407	0.031612532039191975	0.09637696414971805	0.06850181442952136	0.17471673411004598	0.2673972165994324
NLM031	0.040412055868169754	0.02711503564679882	0.04777615630924064	4.2025855476720155e-07	0.06856226998563686	0.042146951150799215	0.12068538812723666	0.03389408416110971	0.09345707260525411	0.06759153442122523	0.17446750882295992	0.2838915226430141
NLM032	0.04327114683874241	0.027280954837135205	0.04236431171225678	4.670062606121539e-06	0.07186568080358144	0.04718904402310635	0.1191630219562358	0.032217826489628974	0.09227679465258018	0.06808777176810647	0.178777159523732	0.27750161733228823
NOF001	0.04862142691591687	0.028274904577900446	0.05536980158944218	1.0695428205001437e-06	0.07367061303339956	0.042316965003229116	0.1234120449561052	0.031042579349438205	0.09645122919972941	0.06692048764409915	0.17280954407506596	0.2611093341128534
NOF002	0.035808169588900415	0.030391859900248907	0.05776283688880974	1.2480088584301592e-06	0.06731092346531853	0.04208074840628329	0.11689306671818886	0.034204338766613385	0.08815194327512958	0.07350529147331566	0.16531663745782443	0.2885729360505088
NOF004	0.04166673943135668	0.027469347027629567	0.05272793799252959	7.57657490472687e-06	0.0696336199045147	0.04444189868072227	0.12039092139940491	0.031861172347381464	0.0912926427143111	0.06594434869809533	0.1741445773507566	0.2804192178783931
NOF005	0.03957872263133051	0.028058704328991685	0.051331949471323766	1.6458365464703365e-05	0.06724064800454968	0.041519870640313386	0.12252424359653362	0.031055032696713787	0.09335988936566209	0.06641363389156414	0.17668015239423968	0.282220694613313
NOF006	0.03682555928834948	0.029039037595106166	0.06651358176723171	4.857811447830258e-07	0.06591319302014641	0.03920950757669462	0.11026675898256443	0.032421609282348315	0.089857262485502	0.06911109189784855	0.16101093934667537	0.29983097297638805
NOF007	0.04271039258949258	0.02855297858529423	0.052646972820716856	1.3575719786981283e-06	0.07016898177809938	0.039481675739106166	0.11761889333174981	0.0320003899266166	0.09403395872432414	0.0655832762951007	0.16854391027490276	0.2886572123626181
NOF008	0.04352951666884639	0.027521267792896608	0.05090796944597143	5.112681169382233e-06	0.06973497480001316	0.0432915638765904	0.12311188977966454	0.03246086820078171	0.09186493642813554	0.06991378327357149	0.17377043898134875	0.27388767807101055
NOF009	0.037440939946339645	0.026667908226516823	0.062260934782211376	0.0	0.06462446476103241	0.038265510507900294	0.12289058347542131	0.03229288753403908	0.09561139964322556	0.06552973130349729	0.16526879427049507	0.289146845549321
NOF010	0.04107600231033482	0.028883826390871618	0.051170186224547824	1.2108511528195367e-06	0.07201213216599449	0.040447706758865686	0.12236623288702092	0.033339307926102436	0.09276019014509662	0.06386341506688363	0.1707407685244086	0.2833390207487207
NOF011	0.039581297564793366	0.02695165266328061	0.059401063269869	4.30557463091578e-07	0.06972774269198978	0.04235044277244001	0.11910265472029063	0.032415172373937394	0.08825496082126666	0.06575552765240412	0.16780767880233777	0.28865137610992764
NOF012	0.049540819166144	0.026943614124527386	0.05258474639514163	1.1898867992663124e-05	0.07281692244324488	0.05074227917114564	0.12239178568833127	0.031511637349609205	0.08654524151896324	0.0706299531812942	0.15654718101322146	0.27973392108038453
NOF013	0.037089394406841496	0.02824392602503884	0.06256626135557103	7.86513840844915e-06	0.06811558571444944	0.03915564626878367	0.11569320989523905	0.030924597859109722	0.08782503355421699	0.0649270857811404	0.1651566809186329	0.300294713082568
NOF014	0.04955286058505158	0.027512212813291408	0.041500186088684374	7.997779780912533e-07	0.0749309879144533	0.04508012080813318	0.11818983482507338	0.030629204766436442	0.08853771164377588	0.07027544537121194	0.17442196448440953	0.2793686709215009
NOM001	0.044924162809543665	0.029781900949247004	0.040268101371084386	1.6709753314957766e-06	0.0762603571056278	0.0403331542318973	0.12344211408234418	0.03554003125837014	0.09337507018877807	0.05484101426746202	0.18036779664483713	0.28086462611547675
NOM002	0.04141890522207776	0.0266706235184945	0.03913761458058878	2.27491133996343e-06	0.07021974554516544	0.04407831399946643	0.1256191752048094	0.03231277504673741	0.0936161574403699	0.06449972675849534	0.17981788070762203	0.28260680706483304
NOM004	0.03593483524449382	0.028796621392800474	0.0633196699076927	4.56372115876872e-06	0.06860942676856119	0.0401576624985871	0.11653118222245523	0.03175951045831674	0.09321264171864373	0.06899083105435973	0.16034015944612995	0.29234289556680043
NOM005	0.0388077739062068	0.026632444888547387	0.04095368991697788	1.278989101008358e-05	0.06693531876072151	0.04616168206784873	0.12171290851839345	0.03517704242082597	0.09464928813776019	0.07638934799503276	0.17191943543527063	0.28064827806140474
NOM007	0.0480752668956754	0.02998762762274546	0.04944422289255697	1.9354281340581597e-06	0.07715997173680227	0.041646872702715734	0.11910332422832086	0.03079764701561385	0.09365939116960185	0.06689038273755346	0.17474879000276045	0.2684845675675196
NOM008	0.0369456089572936	0.02723950409820491	0.05956336265269703	0.0	0.06681527934896961	0.03709041177080411	0.12255347958934466	0.03313442874597397	0.09332715914446116	0.06514224125010232	0.1671619885458508	0.2910265358962978
NOM009	0.04356780104752532	0.02612563440544717	0.03421931770884239	1.6633100541919142e-05	0.07369386507380048	0.045173715202336935	0.12799978135101292	0.03204019499293776	0.09089045524143283	0.0667065193980541	0.18062045730983806	0.27894562516823007
NOM010	0.04157783841282604	0.02893484815063743	0.04974111403856585	3.6284909388502076e-06	0.0706927712258854	0.04157043791833549	0.11918797934864166	0.03331694704199824	0.09309527761469147	0.06994904244291739	0.17270768804614034	0.2792224272684218
NOM012	0.05074230874927391	0.02928638029871557	0.04426592919479813	1.5149836074878162e-05	0.07881553328607868	0.042576543816585835	0.11837466924271868	0.03117004441758011	0.08967162173894529	0.06863864264338354	0.1754506040300158	0.2709925727458296
NOM013	0.04845767904475662	0.02780778499064727	0.048043409217754296	6.96616706596298e-06	0.07272897647752673	0.042978888819880774	0.1217904808101302	0.030537207006283585	0.09833013795394009	0.06739611511505765	0.17416524736942932	0.26775710702752753
NOM014	0.038736727694441746	0.025994837002450994	0.0548787049864739	0.0	0.0663372601471501	0.038097571922055255	0.1260647145437746	0.03178948590744601	0.09873590354969652	0.06460196100137611	0.17272592331769127	0.28203690992744346
NOM015	0.03867003676883644	0.027238446448383337	0.055296544238247564	1.2828588811584539e-05	0.06599641999135797	0.03940724167888923	0.1249091919997088	0.032106349233001714	0.09516790769736393	0.06374992633743645	0.17508529930163227	0.28235980771633074
NOM016	0.0394697973182027	0.028525304085085138	0.05308732042991123	8.995739568146239e-07	0.06836359309887931	0.040634037323233424	0.1206049979035942	0.031917636315739926	0.09372204960299352	0.06940785220503876	0.17381864075406533	0.28044787138929955
NOM017	0.04740613607060495	0.02851445444111534	0.04283501659783847	8.528558579636106e-06	0.07893128778095251	0.03643134560516774	0.12184474238653441	0.03531180092217433	0.09508337368004785	0.054959672232766835	0.17941141585832224	0.27926222586589566
NOM018	0.04194146129254981	0.027159231431044893	0.0493993607465408	5.976005913577836e-06	0.07205265697187135	0.04179402090529573	0.12383294859095288	0.0316478179756516	0.09294755563488807	0.06477644856010138	0.17819708541151133	0.27624543647367866
NOM019	0.04647534361271186	0.026925109952982695	0.04752565309255255	5.106034185909452e-06	0.07279295350495625	0.043436500648732765	0.1237081074570057	0.03255874337643673	0.09437302531038197	0.06589238818107676	0.18244442436413016	0.2638626444648467
NOM020	0.041644720396199604	0.027504628958960803	0.054493250293663094	3.110738144762675e-07	0.07136688142161185	0.03684558804451623	0.12111668121514238	0.033689129799803916	0.09347231147466685	0.06081140571157593	0.16867313921896007	0.2903819523910849
NOM022	0.04216565232903099	0.03375009570548922	0.05856308194798277	3.788392272386357e-07	0.07531324787418105	0.03428395698049266	0.11952671200290771	0.03229463100853695	0.09879615926955705	0.060672828438825405	0.165324560501734	0.279308695102035
NOM023	0.037899287457365954	0.02866502667701117	0.0609919597265403	6.458943416608564e-07	0.06592561360182132	0.04368095212136801	0.1207975795359894	0.032413169621021275	0.09572930150434059	0.07053329954051904	0.15856406326526787	0.28479910105441336
NOM025	0.03879112857305043	0.025207084312037567	0.05397407570930886	6.534318722359117e-06	0.06627215508672522	0.039239985614969	0.11850918574143351	0.03293332590497287	0.09385889034441035	0.06454079435549119	0.17205982398330155	0.2946070160555772
NOM026	0.04219051504291549	0.02846440311682189	0.04074309283233846	4.830799293605167e-06	0.07154755103372508	0.0488148633938835	0.11700209567978032	0.03418044322939855	0.09329851785073769	0.07788570907707434	0.17140940537733435	0.27445857256669665
NOM027	0.04471358974038781	0.019993436244985566	0.03260533220241086	5.320308006598964e-07	0.06649270154565977	0.041249862443926213	0.11511564965879702	0.03135578324929492	0.10036272926937119	0.05273108166455721	0.18969584580024465	0.30568345614956416
NOM028	0.03773815084240837	0.02636139572944188	0.054247258590175415	1.94094597784636e-05	0.06655356875818562	0.04255997226698507	0.12040164407027315	0.03273377424608214	0.09196798701494374	0.0693887307478252	0.16929393818994296	0.2887341700839581
NOM029	0.03765777655992475	0.02871627904172776	0.055987048270264295	1.5913915609243694e-06	0.06819026476394298	0.04028903086604906	0.11718974957462652	0.03386844663868957	0.09036462099180435	0.07212161662886096	0.16559839769291	0.2900151775796389
T2D-016	0.03709136450083786	0.024349000762308375	0.06250392868054117	0.0	0.06627095264132218	0.04014234109309154	0.11422291599007377	0.033526306865228894	0.08936657867787129	0.0654408952405448	0.17254582852206402	0.2945398870261161
T2D-017	0.04292465834308969	0.03497152939507487	0.03998195283339649	2.447570263468163e-06	0.0756556590197564	0.04041952373395934	0.11526431313807951	0.03471711753386964	0.10228042516756795	0.07832906339960183	0.1740728217628266	0.2613804881025143
T2D-018	0.04200601467242719	0.025831702835106846	0.04757324774586315	7.112011865377336e-07	0.0704951596994842	0.040547349611056376	0.12408478469412432	0.033317521272173724	0.09419833447555538	0.0662409004137874	0.17543119157021483	0.2802730818090201
T2D-019	0.0375534642710602	0.025467454349885933	0.051331419753191075	0.0	0.0664633945448714	0.04091398959617179	0.12289771695498104	0.03400620927214246	0.09735100283617533	0.0694229032604504	0.17217929960986222	0.28241314555120817
T2D-020	0.03783412361995247	0.026111604065803953	0.03283523943801273	0.0	0.06628481328647419	0.045298832612243295	0.12348439882198504	0.04068834963232604	0.09676054356988643	0.07789442732932395	0.16773344635960682	0.28507422126438503
T2D-021	0.0424991913369525	0.02712452915817269	0.04528506242884382	2.0772077830160718e-06	0.07054355082363069	0.041971043342172956	0.12493407388190379	0.034766529077360615	0.09665834430769615	0.06265999115529344	0.17953763313053248	0.2740179741496579
T2D-071	0.04449421805062536	0.024559951931973148	0.036746876976300066	1.7561726511557382e-07	0.0743065443188189	0.04604377759172786	0.11025101175494251	0.03347463931142558	0.08994863390281735	0.07603959469479739	0.18086105469933006	0.2832735211499766
T2D-022	0.041861956883378966	0.02812141312090985	0.050238698280737695	3.0311697942414384e-07	0.07028102417898002	0.042911958678903385	0.12093598409530062	0.031932021022153985	0.09416091074881444	0.06803679592777419	0.1782199231750473	0.2732990107710201
T2D-046	0.03989846155339727	0.02633385186721332	0.06060613045310356	4.2162358470238944e-07	0.06958488318452859	0.0408821932458041	0.12131604490762447	0.03163449273435198	0.09226994165696026	0.0663132461973962	0.16915312711099037	0.28200720546504526
T2D-001	0.043993089030444826	0.02806402458581846	0.04662781602277689	0.0	0.0728994619839914	0.04020278581595717	0.1272580993313398	0.03212500517894184	0.09049471666012728	0.06341940645135853	0.17497134592875022	0.2799442490104937
T2D-047	0.03970232833712259	0.02503857659559477	0.0520241071698399	8.928541249677593e-07	0.06637948759510483	0.03978879692928292	0.12086849550509816	0.030678012928117386	0.09873385995403074	0.061701175882234394	0.17399923759315913	0.2910850286562901
T2D-048	0.038813038621751256	0.026292982684781654	0.05423894247146675	1.7477169807868242e-05	0.06951685456266064	0.04241842985416345	0.1212821793883228	0.033316488912339154	0.0874202867031301	0.06448591794156154	0.17037589952765772	0.2918215021623571
T2D-049	0.044121990532263275	0.025693476337317743	0.047276832147073115	4.9285329658485385e-06	0.07154182060121808	0.04428643715489807	0.1279602798464026	0.03154537337280148	0.08725444493815376	0.07182125474296251	0.17571005036293275	0.2727831114310108
T2D-023	0.04329993752829222	0.026198844129886704	0.05288738080725251	1.3604137529883075e-06	0.07059644933578706	0.04040511606242951	0.12955323440595948	0.03093361160545548	0.0968486891663896	0.06299286675620766	0.17891776611701826	0.2673647436715686
T2D-024	0.050113237952520026	0.02683911066559847	0.03728941566338778	2.5657323879230725e-06	0.07663080587050237	0.04683751891875856	0.1312687414043666	0.03292389213288064	0.08648136608796266	0.066240220590833	0.18078605326412475	0.26458707171667734
T2D-050	0.04310518290841709	0.026083967761100033	0.05052234669340471	9.672097048132419e-06	0.0701293268591318	0.04272638084856913	0.1280187028904772	0.03148037012899829	0.0919136747667205	0.06618959087358957	0.1794339170847032	0.2703868670878404
T2D-025	0.04118749309290284	0.026163770505812665	0.052313193189891104	5.219845040396623e-07	0.06971007593326063	0.040387314432969744	0.12270013558541719	0.03246946648481909	0.09455139466465438	0.06533089100113841	0.17481999739789686	0.2803657457267331
T2D-072	0.043897041876923046	0.024978530197822625	0.04756400317935354	3.6330755396469716e-07	0.06897013690006595	0.041836142876344386	0.12613361496292488	0.03273680418598431	0.0883927383766764	0.07421834526927067	0.1714777597185879	0.27979451914849235
T2D-073	0.047144200462625706	0.028521149919996724	0.053912542966561755	1.3730613532767072e-06	0.07706160076627647	0.035919423732869535	0.12120283530349729	0.03403536820142115	0.09551893244883869	0.05300432588307463	0.1786845771630821	0.27499367009040276
T2D-051	0.04049446000850589	0.026483126717238327	0.05853929200966367	3.0716069179420916e-06	0.06913391102981215	0.042164940456262893	0.12271779682786609	0.033547167705211704	0.0899454372000928	0.0656801334522703	0.16924625337605406	0.2820444096101041
T2D-026	0.04242945726982631	0.02555851525302517	0.0440679255162269	6.241963523737969e-07	0.06764111376445907	0.046564729004176145	0.12758036502400538	0.03274241665771804	0.09178187049278089	0.07624396392776375	0.16689330927705448	0.2784957096166114
T2D-074	0.03607500408262995	0.02540428262808808	0.05942460903525574	0.0	0.06742095302490402	0.04056794333973234	0.12145223384194688	0.03417361079754237	0.08840380742683662	0.06909842912353949	0.15996927549195494	0.2980098512075695
T2D-075	0.04490795747032009	0.02399941561002698	0.05503400613177673	2.1091449973153487e-05	0.06902481677715815	0.0445038248246562	0.1289665847801088	0.030665802125865543	0.08349553768146709	0.0677638039516896	0.17283383592853613	0.27878332326842153
T2D-076	0.03808171593729639	0.028126304682367997	0.06548727678362266	0.0	0.06740506494957535	0.03701438255237334	0.12374862546714821	0.03022038294670684	0.09565447398742953	0.06611756189558626	0.16734635073067528	0.2807978600672181
T2D-052	0.04383166082141203	0.027499024719471406	0.03544789248988659	3.825450214155325e-06	0.07518873255200142	0.04400403283353885	0.11909409896628605	0.03316656410210841	0.08874242969902164	0.06360969569879325	0.19290609459634575	0.2765059480709205
T2D-077	0.05154412777680543	0.025266784736334466	0.045352458077005754	0.0	0.0757625519870727	0.04999852048490575	0.13086132481726767	0.031317975731108214	0.08416379093377212	0.06763810399862323	0.16682415619843963	0.2712702052586651
T2D-053	0.046363400414640425	0.028779383381372793	0.041806313139949314	3.6589619331410173e-06	0.07524803435591361	0.03706260797425756	0.12176466337926417	0.03413133129858815	0.10213194294142301	0.06020549528406921	0.18008513995958167	0.272418028909007
T2D-002	0.037286041886203006	0.027841518539214304	0.05956060250965939	5.662034271856933e-07	0.06672005957992068	0.037681768431932286	0.1257707717091827	0.030157973140238378	0.09721260181545052	0.06471192020820142	0.1662516915430689	0.2868044844335012
T2D-078	0.038569633459461954	0.030123472790968886	0.046783571770751826	2.182555302970435e-06	0.06669866888463019	0.04439668548597854	0.12095731025370704	0.03315629223881901	0.0925905396712094	0.07312911937767937	0.1720554702159588	0.2815370532955321
T2D-054	0.041965227652931	0.027197068010327997	0.055533938926380644	1.5802655828448756e-06	0.07222593171280549	0.037953748107793776	0.1298216923827036	0.03287516001389643	0.09516572720587244	0.0615593666338703	0.17359111182515685	0.2721094472626786
T2D-079	0.04216776152650184	0.025356707713077593	0.04869165409616741	2.8657055333323893e-06	0.07101840546955898	0.04046867412611019	0.12455011081951653	0.030523327833689277	0.09555460447309166	0.06337334021555215	0.17432549762677646	0.28396705039442455
T2D-080	0.03767790705619694	0.026309396254926423	0.06018804656040833	2.460869302694106e-06	0.06485979656467156	0.038152989923650064	0.12196723836161955	0.032060886725035494	0.09502629553306577	0.06514262975701221	0.17031519365412323	0.28829715873998774
T2D-003	0.03602593890034417	0.02540446489747338	0.0507065799262978	3.5279395980315973e-06	0.06378894264412095	0.04351062832606891	0.1244542950499125	0.031814353269027325	0.08412153117249813	0.07626962819090713	0.16975629525059244	0.2941438144331593
T2D-055	0.038569939110586184	0.027249989203550182	0.05444258482304221	1.9733306407086676e-06	0.06809199284748109	0.044300898620558984	0.11747925074221674	0.03211080595512919	0.08809681488898645	0.06680980307557675	0.1695142747062136	0.29333167269601806
T2D-081	0.04057687598397738	0.02787003118137959	0.0468321594772306	5.434090488006159e-05	0.07136496293071701	0.04011724918318473	0.12535647732432267	0.03223074096160664	0.09276277591027182	0.0640489134574209	0.17527011554097685	0.2835153571440317
T2D-056	0.04345119841233384	0.027766703358905336	0.04899711993796433	6.796174302603081e-07	0.07286213281381193	0.044385610548605896	0.12177258947483903	0.03129427679601745	0.0864443504526462	0.07167331373710614	0.17320432289550022	0.27814770195483923
T2D-082	0.04595485449496689	0.027166888539558245	0.049900539986923086	2.5753949022091476e-06	0.07337214355445362	0.04037234148294111	0.12817411188285227	0.03176944329327987	0.09301465326875272	0.06463271254025221	0.1751595415244603	0.2704801940366574
T2D-028	0.039593428416702964	0.025302448965181846	0.04474206600411735	5.779613649789125e-07	0.06882693169178263	0.04353928455221038	0.12521164340574728	0.03053509001761544	0.09544160857974643	0.069909686678619	0.17328839897648793	0.2836088347504239
T2D-083	0.03257682018275065	0.028020012038726734	0.05465706072627796	0.0	0.062087636213762946	0.04203461154947283	0.12211655732181444	0.030012771641105798	0.08695059410713825	0.07341367584618977	0.16595076489787522	0.3021794954748853
T2D-029	0.04477296651671269	0.025105367443896638	0.038300828497200484	1.0705669046075106e-06	0.07681150412225989	0.04420504308234254	0.11302481123766792	0.036568097437052215	0.0909365686094854	0.0669538522107851	0.19455499818301164	0.26876489209268084
T2D-057	0.03922041174634701	0.026308761520981605	0.050196146071496854	4.900196968432559e-07	0.07118861700438207	0.04371400477145839	0.11737431112545166	0.034830202251742416	0.08742987468830345	0.07301937520699668	0.16969693038059797	0.287020875212545
T2D-004	0.03969586360766127	0.02692300800967089	0.04839350311802014	7.266201850148323e-06	0.07020006979226898	0.04019238760925996	0.1201120940759549	0.032943268929060604	0.09048543666619405	0.0658145228686704	0.1758274827837032	0.28940509633768546
T2D-058	0.03878924693583513	0.026382690708706132	0.05096234968519385	5.97637669415284e-06	0.07011105605570653	0.039587827599411284	0.1223874669223225	0.032668293909666996	0.09602274157920156	0.06654905909814283	0.17377557106664443	0.28275772006247457
T2D-084	0.04197649609864688	0.025423043476107788	0.04947689952662087	3.519671136358188e-06	0.06916296575858731	0.04357816869546491	0.12703242195836445	0.030671331948492985	0.08838789092993722	0.06803842240840523	0.177722143265438	0.2785266962627979
T2D-059	0.042394462183740454	0.026011834927973817	0.0509279548169581	0.0	0.070139094696613	0.04216147713766171	0.12566825237330354	0.03347811576335773	0.09330202100559282	0.0680604050915769	0.16919015360605735	0.27866622839716465
T2D-030	0.04460915000697979	0.02520980186634134	0.04240192614845184	1.3294454137737231e-06	0.07010137999752229	0.04249176093731562	0.13071455949528088	0.031954430830453906	0.09367009815958961	0.06494237967347927	0.18111300646106826	0.2727901769781035
T2D-005	0.038165554486824356	0.02719449488976713	0.04438037917243597	8.360976102456933e-07	0.06687118905045776	0.042535896831191494	0.12421875940435229	0.03580113097328077	0.0952058508240559	0.07407675924209778	0.1699300035078381	0.28161914552008815
T2D-031	0.03810375009425804	0.02741853642554867	0.060756782911187225	0.0	0.06870441602320812	0.03763722098182294	0.1252512521373272	0.03297695099529484	0.09522127338210684	0.06422030717472425	0.16824067206682092	0.28146883780770093
T2D-085	0.04829623244812719	0.02542994009917108	0.042550935389569666	8.987261362310669e-06	0.07404075545063533	0.04594329466869853	0.13273593396195021	0.03285575359211297	0.08158706257673007	0.07009582398503679	0.1728847035442232	0.27357057702238263
T2D-086	0.048903859704678435	0.027958196374192078	0.05346010862954687	0.0	0.0808904885677259	0.034774576394065525	0.12154228404669505	0.03391016402665193	0.09523221369286952	0.05206062490866123	0.1761099077399941	0.2751575759149195
T2D-006	0.04764574488416044	0.030509880276617097	0.046260041867365556	4.6303207185606674e-07	0.07934361617691066	0.03616547313560754	0.1263992947325262	0.036590900029103035	0.09130806389039715	0.0518893492475714	0.17186812992071193	0.2820190428069571
T2D-007	0.04281227231188708	0.027104390956501627	0.04993306593801185	4.2517388969892014e-07	0.07234934595807947	0.03933259151667845	0.11934141993139866	0.032836484607514003	0.10138371778959979	0.05878530009417016	0.17743823542454482	0.27868275029772427
T2D-060	0.04031327625343788	0.026507566104753636	0.04255680483988282	3.7703026669071277e-06	0.06787253525208384	0.04225089536994758	0.12716835866076298	0.03140256766721761	0.08728031474861368	0.07402718693522387	0.1698893683743567	0.2907273554910525
T2D-087	0.03493776331085369	0.023943098021507327	0.03312713323075714	3.2971254233396303e-06	0.062391643883333965	0.0467349646493184	0.12847264106497153	0.0307803275103157	0.07551523980155705	0.08230917972202006	0.1661496983699816	0.3156350133099602
T2D-008	0.04468575337327447	0.027611320213044764	0.0497152956079438	2.6478189829216925e-06	0.07289834041418565	0.04143421052703792	0.12660323680725222	0.03037146051625969	0.08660687847817126	0.07088550483220678	0.16968388539156334	0.2795014660200772
T2D-088	0.040167631845365	0.026675007047040837	0.04644027564733741	1.66557455854444e-06	0.06836587789331733	0.038558549222968704	0.13058473919307065	0.03309312802935666	0.09539707166614456	0.06697401429083581	0.17896709178123055	0.27477494780877404
T2D-009	0.043854265047236864	0.02910012714094205	0.0444279692142087	9.920896539509663e-07	0.07032205386454027	0.04552304327845245	0.11822851625057192	0.03087068379683006	0.08997111268867662	0.06993220950967273	0.17860366833059163	0.2791653587886228
T2D-089	0.03972188143543457	0.025892017784910577	0.0553886275836108	0.0	0.06685115223395523	0.03723736852899775	0.12576570207583268	0.03132883999993431	0.09390162311428145	0.06574357812041218	0.16672413459607013	0.2914450745265603
T2D-036	0.04608602073552585	0.025528799196404058	0.05038911562852043	6.668834104855134e-06	0.0721906946845555	0.04321398547160867	0.1324566466188188	0.03208528569450371	0.0927484318649281	0.0637417933518003	0.17912716907769807	0.26242538884153155
T2D-039	0.04334180751965823	0.024708146639461123	0.042573026519975826	2.6468103103950114e-06	0.07627161333765166	0.041279901046840414	0.11812832733277652	0.03634904739623904	0.08422752598572358	0.06606719115208155	0.18502374447097417	0.2820270217883075
T2D-090	0.03766073943326468	0.027324166128607875	0.054033229895133456	5.385823198221104e-06	0.0651605645175497	0.042693711900968656	0.12082693715859368	0.0328492026222042	0.09080526176192516	0.06949620826110094	0.16534299714590006	0.29380159535155337
T2D-091	0.04044694699197068	0.02299826525924419	0.0421900609753901	9.733970033086128e-07	0.06800483573279505	0.0402659581074916	0.13283598849324788	0.032488399018607964	0.09346560869550782	0.07162324940472817	0.18127084897745943	0.2744088649465537
T2D-062	0.04014024356782669	0.02598867666068875	0.04965970648623415	4.403921212508822e-06	0.06852341473144309	0.041891539827692614	0.12488603927727387	0.03273417290816576	0.08951873602312993	0.06487003062345435	0.174910114209744	0.2868729217631341
T2D-063	0.036147353165527266	0.02944566427163103	0.059893826786890175	1.2811839923353334e-06	0.06395120933397683	0.04162810206895912	0.11597265799262808	0.033236975906818136	0.09164954354441998	0.07278937868218192	0.16624533258655508	0.2890386744764202
T2D-040	0.04708328859281345	0.028927590751078584	0.05635529773876357	3.798005296971483e-06	0.07809958104207616	0.03567732272839295	0.12227247463393183	0.03428297416817562	0.09710416896010308	0.0574524913825694	0.17611814539423756	0.2666228666025608
T2D-092	0.043063736480741875	0.02456005869487562	0.046193682048330666	1.2614830705089583e-06	0.07214460183740565	0.04375541242486095	0.11687341383756732	0.03312213096310463	0.07713334614793298	0.07411267148114521	0.16997576220983923	0.2990639223911253
T2D-064	0.04189194307381163	0.026701721142577118	0.04757395089327652	1.951449901445952e-06	0.0700593456375859	0.04253081341120757	0.12695030010902417	0.03200156895687669	0.08932222080886906	0.06816273580156251	0.17649398619881657	0.27830946251649075
T2D-093	0.04037619326449719	0.026805457073277198	0.05261759249247702	1.002407985167386e-06	0.06912228183576413	0.040682468559938505	0.12417416970449104	0.03163214427586836	0.09413692793513326	0.06475195259347696	0.17550947755856405	0.2801903322985269
T2D-010	0.040761628021533526	0.026165249083812073	0.05033253755146913	0.0	0.07324683682822208	0.043271475715323984	0.11179222234461828	0.03256839032320462	0.0900172994915675	0.06376294238880799	0.18154013920086198	0.28654127905057886
T2D-094	0.04074138454447997	0.027491741848186778	0.04641298183894905	5.336818707055691e-06	0.0693732452473028	0.04378256489884625	0.12300125160021842	0.03142439727532378	0.0907946123489066	0.06670183643681883	0.17715063473066286	0.2831200124115976
T2D-011	0.03964983094455228	0.02690536326696307	0.04044384335711493	5.988193507675546e-06	0.06666473834595076	0.0460832387028969	0.12179239016221438	0.03341225819406342	0.09322587277205412	0.07354901647765491	0.17870559167949884	0.2795618679035287
T2D-041	0.043158231236542804	0.026565757670041268	0.03966892088994362	6.67907803664083e-06	0.07141232393416731	0.042797911192129605	0.1271604668721507	0.03147243858550033	0.0929766684037798	0.06755386210680807	0.18110436259234114	0.27612237743855866
T2D-095	0.03230036155741086	0.025386401529985236	0.0275450882986007	0.0	0.06049488891371855	0.04993301217800806	0.12736371988286121	0.04242369215740296	0.09115157866203535	0.09228058722055453	0.151423539254713	0.2996971303447096
T2D-096	0.04637310652793867	0.026575901133594985	0.04688212110074353	3.964460450237186e-06	0.07003209859616169	0.04797555067477871	0.12987071628695845	0.03240528823348966	0.0833487906888223	0.0731128236927959	0.17087546298546016	0.2725441756188057
T2D-065	0.04132285843098452	0.026870967801483115	0.05085707341927487	1.0553885106555294e-05	0.06779205975544915	0.041375248075295135	0.12762423159939784	0.03129250758058144	0.09478910932619526	0.06777338609453033	0.16961280636682693	0.28067919766487487
T2D-097	0.04970889460236114	0.027178651063554642	0.04767561353361459	1.9163259609929995e-06	0.07756012945633656	0.04083463395147102	0.12450166915679102	0.03387527039266164	0.09272127148389263	0.058896074122539235	0.17688338790711997	0.2701624880036965
T2D-066	0.047459661801486086	0.02516355149220547	0.0435711150596933	8.57008945659831e-07	0.07006423694880566	0.04409631817487404	0.13067822809844487	0.030113532613743735	0.0901832590093508	0.07091578101457235	0.17738741492892854	0.2703660438489495
T2D-098	0.0454711067535938	0.02853040875559275	0.0448712833364785	6.833195392203365e-07	0.07435309247944866	0.03844323226740902	0.1275777075390529	0.033872488208338436	0.09548577262299751	0.05701589256010174	0.17634276571115629	0.27803556644629135
T2D-012	0.041196000354406605	0.027085006110558394	0.04818406088175951	1.0077776112116852e-05	0.06988014140698927	0.0449987664265195	0.12183412746732548	0.0332443335183832	0.09091381278439215	0.06947662792955854	0.17613008031751323	0.2770469650264819
T2D-042	0.04398652111200443	0.026995681301061857	0.04134616324192579	1.9947280488925804e-05	0.07007276139455489	0.04483734352714792	0.1273415553211964	0.03120540524146008	0.08817186166166845	0.06847153777440769	0.1793367283061116	0.27821449383797187
T2D-013	0.04546702915650957	0.028164095005696565	0.045279055762929045	3.3268717330681134e-06	0.07127237350059447	0.044416069464436575	0.12024490089954454	0.03213440897218803	0.09096719809827329	0.06654086498082776	0.17627684728855653	0.2792338299987105
T2D-099	0.042066377916273705	0.026148956108566237	0.050693881573387875	2.162974264077194e-06	0.06952251925312083	0.042738840123885256	0.12318047841310767	0.03360964150290684	0.09384822121623153	0.06800087970516036	0.17754472426648082	0.27264331694661476
T2D-100	0.05283185466427965	0.02183171785426362	0.05081002586269135	3.862396272944613e-07	0.07430304619189293	0.0470923866674268	0.1298161815825388	0.03281851406543129	0.07951863369442518	0.07068785431944698	0.15909366635812627	0.2811957324998498
T2D-101	0.03432624287064436	0.022356369913966754	0.021213499319936734	3.1074707636718633e-07	0.06377725408273673	0.04846778865152894	0.13548659873869318	0.02777777662740713	0.07106839022119517	0.08096026281024879	0.16814613303545375	0.3264193729811121
T2D-102	0.037715167084283074	0.026902103618480677	0.0288008840813994	0.0	0.06328608810170656	0.047397300100350113	0.13892737533556318	0.036219923857321625	0.09070496883389303	0.08636543423912048	0.17566748863666304	0.26801326611121884
T2D-067	0.038496235538044564	0.02528421904174917	0.047879293497932275	0.0	0.06641962451937734	0.04341459599682689	0.12220097859197145	0.03387625420267346	0.0967610636576286	0.07494530398231392	0.18395904565218	0.2667633853193023
T2D-103	0.03661954845338497	0.025933654165629046	0.046151868279870195	4.46263918621952e-06	0.0665046091412312	0.04497235556373	0.12073471798140185	0.03301572865683296	0.09293578303122979	0.07142262103288384	0.169346738834577	0.2923579122200428
T2D-104	0.04356889419358988	0.025955842951685695	0.05191851596093245	4.71678234978001e-07	0.0740849954931923	0.04397372116490402	0.11421999518395462	0.03226686634500963	0.08607255675928237	0.06571158981552143	0.178542669779882	0.2836838806738106
T2D-043	0.04215133929217742	0.02602629830993026	0.04887752809381182	1.963470573783234e-05	0.06959423175426827	0.044006143019218215	0.1264285679903517	0.03281830772937809	0.09178745439534089	0.06716884574385798	0.1765812278456163	0.2745404211203112
T2D-105	0.04621731293998483	0.026771006893810467	0.047532339811174745	1.0739730432642488e-06	0.07344175928418437	0.04264601328152328	0.12634832619069483	0.032718666109528206	0.0844693437812296	0.06628312152418182	0.17619219554176094	0.2773788406688837
T2D-044	0.0397729267795282	0.024374023358854628	0.054686655429693	0.0	0.0670597622586122	0.03489014695155664	0.13124981242545292	0.03431865841565527	0.10388647985205722	0.05868920189371457	0.1697849928774915	0.28128733975738374
T2D-106	0.04748511323092921	0.029007178029874996	0.03900954726638805	2.261090342231211e-06	0.07944927019866985	0.04039937264293919	0.12201304841969941	0.036673806051960536	0.09498789257636289	0.05863805400825895	0.17865417257551078	0.27368028390906407
T2D-014	0.034843792195873566	0.026785910209541956	0.043222870588083294	0.0	0.06499979440259669	0.047009428245572575	0.11184163256563893	0.03588109478900951	0.08966163801852932	0.08633738690697419	0.16868771126392484	0.2907287408142552
T2D-068	0.03751381649660234	0.026972411206306217	0.05855585625398559	5.0201689559694715e-06	0.06573566254491013	0.04193176417222994	0.1217790958668394	0.03223807029448967	0.08907486204897389	0.06659831178095404	0.16952917425055922	0.29006595491519366
T2D-107	0.04350622316215459	0.026335157489135418	0.04844892901246234	2.7153283673765127e-06	0.07087245485661096	0.041474957235198326	0.12567587205722963	0.03248228092635623	0.09417401519586607	0.06470652587805126	0.17412395962658167	0.2781969092319862
T2D-069	0.04302498505064781	0.028053501838187594	0.04423441133600737	9.415194416366966e-07	0.07434726606801008	0.039661809118076	0.12707360234355464	0.03613958667622236	0.08813021948143238	0.05333319558354639	0.18007729553939436	0.28592318544547934
T2D-045	0.044221036583026535	0.027175742555423668	0.056383596287727177	3.042000212401641e-07	0.072154976318819	0.036653989857673396	0.12061339712343584	0.033434283129188516	0.09094149199538804	0.06260610169040128	0.16687042964669918	0.2889446506121961
T2D-070	0.03965491808593675	0.026217047819073316	0.051065503370383916	1.1591078814123684e-06	0.06811269721237989	0.04515497727093028	0.1250139827765282	0.03215902058973038	0.08994916582593394	0.07345658029881237	0.16747202590970006	0.28174292173270954
T2D-015	0.0419092410017589	0.02806431383938172	0.05188622492800252	4.493186158750181e-07	0.06899990253532787	0.04239249928828181	0.12357916739186836	0.03220062059874314	0.09142372110848103	0.07006484422442656	0.1732574053707919	0.27622161039432036
T2D-108	0.041447971650615444	0.02536899701551782	0.05003184386025777	1.3918107013776582e-06	0.06977174575738575	0.041983241884535304	0.12674363486533397	0.03169668868504732	0.09314888706322424	0.06514866067108517	0.17345598131568854	0.2812009554206072
CON-016	0.03837403697399334	0.02898645700980932	0.048892315581141176	6.357611577106322e-06	0.07210069634212	0.04066609467760754	0.11754606030800514	0.03078317447115931	0.09834893333275571	0.06670482918680362	0.17962210667616796	0.2779689378288598
CON-032	0.04473720437634394	0.026021181324796108	0.05208160675433396	1.1284785321394878e-06	0.07162157146923778	0.04058591892200437	0.13092829134107486	0.033473177663151034	0.09104183834290537	0.06633111890336613	0.17057065829279236	0.27260630413146186
CON-033	0.04535769763618048	0.026694795874485523	0.042604715385657986	1.8782248203436323e-06	0.07256157890670585	0.04418184730839239	0.12816999774814763	0.031898801739172034	0.09686648560748268	0.06674619999758429	0.18060349321470437	0.2643125083566665
CON-034	0.041213037040878246	0.028402721081782753	0.05171204465786597	1.4248606736050861e-06	0.07119711000693382	0.038916261971154095	0.12531759676944573	0.0316461869810417	0.09234595357851143	0.06731029605774673	0.1706374153981961	0.28129995159576976
CON-017	0.040059660409225775	0.025792368134908688	0.04654206145620967	1.2613134474641708e-05	0.0692619838963861	0.04184389964917387	0.12558785076196294	0.032394111277179255	0.09300664405114711	0.06627722165447077	0.17516449860823455	0.2840570869666267
CON-035	0.045233063690458444	0.024170887773533333	0.04115948501255999	5.300245311961154e-06	0.07380954771205833	0.04280327941534205	0.12329902517945494	0.032402945292871764	0.09809448194325632	0.06468192824215525	0.1892466676679567	0.2650933878250409
CON-036	0.03983657304399968	0.02676566146792669	0.048741326271225745	6.002183979359605e-06	0.0693272820702081	0.040677040935135994	0.1254013917443522	0.033218124337641736	0.09300785128176033	0.06461582231250021	0.17336872533999603	0.2850341990112739
CON-037	0.04699566670147401	0.029161479249363288	0.045852433671008594	3.7917227760892804e-07	0.07645747129643723	0.03558917430083473	0.1279702767676419	0.03518554479786152	0.09865623909889418	0.056299049766237313	0.17832308279175255	0.2695092023862172
CON-001	0.045847475519605434	0.02675600463974157	0.05167286499836162	2.077567597284331e-06	0.07197242269946083	0.04223024902231008	0.1262975474446451	0.031803286802200285	0.08954377883952275	0.06526263890609878	0.1761155151239113	0.27249613843654497
CON-038	0.042155664850613686	0.02496479409987276	0.04468735446449693	2.919444586081494e-06	0.07088760730919756	0.04210255577836337	0.12491393918760066	0.03077705868934605	0.09782117640089913	0.06606676124874786	0.18373139988830678	0.271888768637969
CON-018	0.04373059059708443	0.02748830493380697	0.05500387036569694	8.201262424092564e-07	0.07121284049291826	0.03939700117228139	0.12812431838245197	0.032221720358559705	0.10176347362713001	0.06564975770512026	0.16912527262614843	0.2662820296125592
CON-081	0.04038224456945886	0.025876215839751904	0.05551876214707182	0.0	0.07057452110438128	0.03855350261310142	0.12504430881345008	0.03184839734803976	0.09223271697133635	0.06394187004780819	0.17222213915184037	0.28380532139376013
CON-082	0.05024421190756222	0.028135718333546913	0.044238481487636185	0.0	0.07578967820265411	0.036362817341111665	0.12624111802116972	0.034135470669621366	0.10241671289761034	0.06130031048633304	0.17956870737809424	0.26156677327466016
CON-019	0.03934308385916269	0.027017085930934392	0.05716779868776748	0.0	0.0679605612422861	0.041590551116922295	0.12452916826017177	0.03206743060388452	0.09418323129511835	0.07016426690806842	0.15719812123007282	0.2887787008656112
CON-039	0.03586904972877748	0.028373330726402343	0.05089990179312452	0.0	0.064323070812484	0.042443763624509474	0.12099767722985823	0.033082782564177494	0.09217128062677361	0.07633013769472183	0.1676615727833775	0.2878474324157935
CON-002	0.039869154150839935	0.026596091657954034	0.05623516430518211	3.4815753902326194e-07	0.06780705924672706	0.03818487717210823	0.12343115019416416	0.03000826796549426	0.09723698247468344	0.06276274488167068	0.17101681572536812	0.28685134406826895
CON-083	0.04469322370689123	0.024980813816117248	0.04772391497711105	8.627615033049079e-07	0.0758391411890278	0.03936477077053026	0.12983252341320492	0.03295994037024241	0.09275161224819901	0.06338071323772346	0.16893498638834026	0.27953749712110904
CON-084	0.04469167220664116	0.02786207425155737	0.04342240579329875	2.956165447030948e-07	0.07324270409481351	0.04218897809164621	0.12680316879221443	0.03198691673789426	0.09292961144755348	0.06306944874503322	0.18156202644406336	0.2722406977787395
CON-003	0.045939864221288845	0.02799694661445973	0.051530248844097896	3.966736372694493e-07	0.07588614168788087	0.039639397841285166	0.12086775658672116	0.03666277211118605	0.09513806625176388	0.06533097806331438	0.17402099203166976	0.26698643907269504
CON-040	0.04347733209435973	0.026032318682765874	0.046787874308337626	1.7520891498903765e-06	0.06949356334718826	0.04213813310952228	0.12340910978241	0.030716941585017966	0.09029722361461877	0.06783452191318218	0.18055008292098182	0.2792611465524656
CON-041	0.04570068456078509	0.026725347925961304	0.048706527144496796	2.354926556648461e-06	0.07391800245970336	0.04558162343275983	0.11995828084579752	0.03387078065857232	0.08304922356389575	0.07331600735040937	0.17401472347538233	0.27515644365567965
CON-042	0.03924129924510343	0.025989277981847792	0.046148806801968256	0.0	0.06638074108234963	0.042013117084184155	0.12856766089606875	0.035759640755396414	0.09202656358606946	0.07388051219527514	0.16835774543209886	0.2816346349396382
CON-043	0.046641515281174724	0.02562437964524236	0.04516067914794557	1.6424588787704102e-06	0.07075289832949032	0.04394694960090589	0.133008780851873	0.032673488881850954	0.08617482903328023	0.07412861081557513	0.1749580143413204	0.2669282116124627
CON-004	0.03902579551641714	0.02590645437982813	0.058742596900293695	9.201117288035326e-07	0.06761464071285571	0.03736160678769972	0.12395305731237147	0.03174726457271371	0.09252520032150663	0.06218247145848941	0.17116411598315595	0.28977587594293974
CON-044	0.043212064071657695	0.028106264831484554	0.04106948640947416	1.0145025684229195e-06	0.07296235783056854	0.043255064079720414	0.1288559734440308	0.03413793281995498	0.09316071522462196	0.06658337805584043	0.17814323584225214	0.2705125128878258
CON-085	0.0399143459624701	0.026010638614718824	0.0433072428442533	3.705454748986972e-06	0.06870583294076586	0.04295035167959887	0.12640532897209608	0.03376594763010001	0.09205930243856518	0.07610845738590832	0.16769940853488716	0.28306943754188735
CON-020	0.04732796581395171	0.028985685223363315	0.043705244721901	8.172483526997647e-07	0.080182396750245	0.039017960566546085	0.12657009919628526	0.03531027280364029	0.09469268940226062	0.0593503321948879	0.17841522917742697	0.26644130690113904
CON-045	0.03797233092789905	0.02763914024527645	0.05895767181367394	0.0	0.06765456328127832	0.040971676098703086	0.11875628503624211	0.031485619453223805	0.0882318615927751	0.06820396547013036	0.16894118938519426	0.2911856966956037
CON-046	0.0451347252106283	0.027881866306616102	0.04802960240456964	3.195782512087762e-06	0.07419624512701639	0.03498635131088738	0.12449412022157637	0.034663488567804795	0.09786731603455685	0.05916492903142523	0.1725046361933134	0.28107352380909345
CON-086	0.03894601582980414	0.02652921987405566	0.051420752548786135	0.0	0.06610999130404525	0.03692689294463789	0.1261307579657611	0.03315608241509641	0.09566554794919237	0.06504235783530157	0.17377212212743223	0.28630025920588725
CON-087	0.04654857764670168	0.03022785543215929	0.051004185272659736	2.7143406318774627e-06	0.0774734966424869	0.03677299710695868	0.12063872722316633	0.03595552726862025	0.09385753542755672	0.050988594407618736	0.17350589890549417	0.28302389032594555
CON-047	0.038668948108974255	0.026786090175217308	0.04952211037064794	2.827096533188461e-06	0.07061538751304296	0.0398307699232431	0.12139687941497258	0.03299114650846457	0.09171876301246562	0.06388874985810997	0.17345872882515834	0.2911195991931703
CON-088	0.03873899320772753	0.02745232562408854	0.0519791582242609	1.2474346577744968e-06	0.06828809217060486	0.041299179782706856	0.11979095671449466	0.0323152182147735	0.09281530022717906	0.06717334717128626	0.16970594157971353	0.29044023964850657
CON-005	0.047878637304042064	0.025666319395885064	0.045606761704902805	0.0	0.07328521043879246	0.043173495837763844	0.13228558321002262	0.03187537806137984	0.0910988241029473	0.06652149793203808	0.17989173631245484	0.2627165556997711
CON-006	0.041463301632096786	0.026672841097979325	0.05462156971559369	3.6380924587649115e-07	0.06865412352572936	0.04146662117736197	0.121898268814204	0.031743498214773305	0.09211261215986777	0.06638115431292753	0.16986559634020545	0.285120049200015
CON-089	0.0401001860261941	0.026404009214159373	0.0572141066874213	6.391235302797611e-07	0.06885655706087575	0.0389229189376669	0.12501736578925024	0.03183121251054558	0.09662616293932841	0.06420665582016283	0.16999132820111845	0.28082885768974686
CON-048	0.035595300598550095	0.02574995375038076	0.05675372285619224	6.195013090689978e-07	0.06671099407721345	0.039264686154286375	0.12405023654370267	0.03600274256013283	0.09338614621499854	0.06668095485777638	0.16317465979814513	0.2926299830873124
CON-090	0.03901943758098098	0.02583669854187316	0.04894742714065056	8.136024745339885e-06	0.07044062680013476	0.04485325370128036	0.12291135775253124	0.03269146229482751	0.09143912683635304	0.06741684995336185	0.17307843247742227	0.2833571908958389
CON-007	0.03633578867470245	0.028145095103915	0.05887837017861019	2.4726601782014835e-07	0.06452579273335997	0.04026033542002868	0.1240559489852985	0.032354159328900886	0.09100052014334059	0.0721183467540244	0.16556429615607238	0.2867610992557291
CON-091	0.042321198869403026	0.02874053730927023	0.055210299514192464	1.7852795668428923e-06	0.07155828325766724	0.03864229279511651	0.12579683572464845	0.03130571314824442	0.09716585143855863	0.062400670460004706	0.16903974614019332	0.2778167860631343
CON-008	0.03737083479963094	0.02773198631200766	0.06185239929660924	3.7874908198110506e-06	0.06561018621775694	0.0370634336565154	0.11958663811329791	0.032761066145303296	0.09324012713208554	0.06765407254612717	0.1670411036059123	0.2900843646839337
CON-049	0.038947699882637445	0.028039251426372147	0.050801681136515404	8.570867125219665e-07	0.0693420884720095	0.04173421399259544	0.12174293063546864	0.03276868776325913	0.09225987442182723	0.06581381448365561	0.1759425025088746	0.2826063981900723
CON-092	0.03706378015693712	0.026379073806867253	0.0600022967078978	4.2011746026078364e-06	0.0678166468043143	0.03781025650639898	0.12383909438080341	0.03124230838691587	0.09319047321852197	0.06571052559983744	0.1680429868774531	0.2888983563794501
CON-050	0.033778612465619064	0.026948882320312208	0.07724104766128556	0.0	0.06795419628135024	0.040625439436449445	0.11045648031712924	0.03204550670854019	0.08339511312686328	0.06542776125233986	0.15900711060760644	0.30311984982250445
CON-009	0.04511266778895351	0.031033476493041712	0.04337707299882703	1.9011125635658972e-06	0.07327897581273063	0.040035683845409835	0.12638632174017964	0.031519760688625276	0.10047839501134535	0.06686128669695765	0.17788592736901185	0.26402853044235397
CON-051	0.04273242333967879	0.02637981131955459	0.04111816000408385	1.1134575835849942e-05	0.07151880346850824	0.045113827578521816	0.1286635541656194	0.03332641098269258	0.08663672018929008	0.06557534708119138	0.18006774182972682	0.2788560654652966
CON-093	0.047557856194144314	0.026828009916025727	0.04751146456484449	5.447851350550789e-06	0.07457230093925206	0.04001409692249833	0.12649997266986907	0.03509742736314745	0.09452672824565099	0.05861796907641431	0.17615482532558926	0.2726139009312134
CON-052	0.0448611593581885	0.02783739104024821	0.043967643228181766	5.314083452498455e-06	0.071811596229592	0.042149642136173594	0.12526645713729573	0.033759426427696734	0.09461510608692861	0.06915488757310555	0.17526188003576557	0.2713094966633713
CON-053	0.04566196238735504	0.027871901592183987	0.04608625000992473	1.8233642582757288e-06	0.07405844641667708	0.04379800861644417	0.12461628497466955	0.0320873760808806	0.09059520687929948	0.07112478994643273	0.1727192047509342	0.27137874498094017
CON-054	0.04803878790330821	0.025421641419052045	0.0499381519875426	1.5373487007959005e-06	0.0704272378202145	0.04206394521656121	0.12355852478862098	0.030368484387403197	0.09704654761942708	0.06323841181058704	0.1756822792873032	0.2742144504112791
CON-095	0.041186709801004695	0.02750401625695474	0.05141508054204306	4.713690573915469e-06	0.07151032195257666	0.04141131679405627	0.1222867192703285	0.03159357386146071	0.09632811580880017	0.06596005379359983	0.1740919515529121	0.2767074266756894
CON-021	0.0422737058594018	0.02601547967464989	0.040150469958344	9.230444042579729e-06	0.06862233477931162	0.042987129712202594	0.1243852751790038	0.03186236310357491	0.09792427067706164	0.06539492996646827	0.17839865457889462	0.28197615606704435
CON-055	0.03675580856018634	0.02697071732327935	0.05465036911060501	0.0	0.06473296187251228	0.03917203948226673	0.122803695119193	0.03192157086525799	0.09440947633960725	0.0699018397419339	0.16826577906305948	0.2904157425220988
CON-022	0.042191054626500774	0.025850929924777756	0.05221491247906913	9.927624506421297e-07	0.0695026207345601	0.03737829406743399	0.1282868084615168	0.030604419697359258	0.09940599587088904	0.06252723129543107	0.1749947346828387	0.27704200539717283
CON-096	0.03672901571112851	0.02810081495216349	0.06739216817184021	0.0	0.06606670768146115	0.03833134967303068	0.11877663179525558	0.030861898237881182	0.08678409102800522	0.06625017308682547	0.1618937804565982	0.29881336920581025
CON-097	0.043135256177679195	0.02550137103836408	0.05173397048916287	1.0110010833274646e-06	0.06795984533123475	0.03848739434572619	0.12578126288538044	0.03174307709545312	0.10189769625094511	0.06339872073188757	0.17188838734608164	0.2784720073070017
CON-023	0.038957063829762675	0.026875165495653497	0.05513618623245356	1.4562087958831339e-06	0.06678792300272239	0.03977746188772138	0.12394241131933605	0.03180454203963519	0.09524684306555514	0.06733639022531489	0.17595556348653354	0.2781789932065158
CON-098	0.042931303359872365	0.027254477459532866	0.04909446051710542	1.7076473333113394e-05	0.07024850391773371	0.04225658140479482	0.1259191206549772	0.03169294394670213	0.09154565904249064	0.06687275380069373	0.17893587646181075	0.2732312429609533
CON-056	0.040590315129365666	0.026507698297346186	0.04990527339559646	6.877021697351538e-07	0.06962512374152371	0.041483860615080415	0.12606898651675597	0.03303625667687773	0.09131029190731607	0.06655969995807984	0.1740515023269528	0.28086030373293547
CON-099	0.04670965851897344	0.027799820617665044	0.044848100572615866	1.084980544321559e-06	0.07424496876425851	0.044925114132358654	0.12938166481329152	0.03173073315860389	0.08851270714243711	0.0646473997537332	0.1765451484349155	0.2706535991106029
CON-057	0.04052315124477481	0.027777800891873903	0.04877345802189407	0.0	0.07050383892590839	0.04010208923062263	0.12858169945807207	0.03349046672116423	0.09553772290405009	0.06423836741318663	0.1809553433969464	0.2695160617915069
CON-101	0.04538074460007009	0.02609875858688542	0.05064045202361791	1.4393775591100266e-06	0.07332964794097827	0.04067091069844229	0.12699274068688365	0.03221413424349903	0.09363802468660547	0.0624900608831236	0.173927313321761	0.27461577295057427
CON-058	0.0370442817262137	0.02529478620899622	0.06427838705731555	1.8741280152643737e-06	0.06885471834501676	0.04192901136518442	0.11640746708554346	0.032480996337753594	0.08886778111104039	0.06452215014439987	0.16688532021826122	0.2934332262722596
CON-059	0.05051125215897053	0.027242509155794414	0.04507387013385354	2.6607047792761017e-06	0.0775226416181871	0.04072978191713216	0.12993095125915768	0.03275246397238306	0.09766549039348436	0.062386114721579206	0.17497282460577276	0.261209439358906
CON-060	0.041200088467229896	0.02429685535879702	0.03411927145510582	0.0	0.07324323124565325	0.04569573989293654	0.11912569354239522	0.03558745607104489	0.09051075032058628	0.069601880554781	0.18987236359676826	0.2767466694947019
CON-061	0.04732432321869399	0.02951290617042915	0.052166417702376455	5.624537333373132e-07	0.07781151004953625	0.03713229557646416	0.12375317093729524	0.0354077148082668	0.09411597559498765	0.05035888148722092	0.17403737723539056	0.2783788647656054
CON-104	0.03832757308421403	0.026898739465525096	0.04099376112344366	1.3808834256530233e-06	0.06694294686792059	0.04774333174649833	0.12178774668555549	0.03292959842481887	0.09077998922845913	0.07943397720073359	0.17317306897204515	0.28098788631736044
CON-062	0.0441615692268555	0.02830951964449162	0.04283718913394277	2.8297591514330623e-06	0.07859018217850067	0.03773198423430495	0.12570499725438797	0.03966790224169686	0.0928990075342665	0.05008767529028583	0.17711796727065662	0.2828891762314593
CON-010	0.040619101602255216	0.02663133340346158	0.034899949784834405	4.483963908177736e-06	0.06908864737203445	0.0480880385972635	0.12197046664619395	0.03289096089875123	0.09287954929872852	0.07147654201527275	0.18002302907230086	0.28142789734499546
CON-063	0.04654196749896367	0.028235816157882627	0.04167624199851889	2.713336463086696e-06	0.07528815316468038	0.042497690860386766	0.12493873836877464	0.033957885693368633	0.09187171874635042	0.05853050640939916	0.18149352398221352	0.2749650437829982
CON-064	0.03889859974150282	0.025718191924038684	0.05240376023877521	5.6724851386978e-06	0.06952391520168796	0.040679845248906686	0.12445054573871116	0.03362687271462685	0.09265556412942728	0.06438907236107697	0.1719581215227413	0.28568983869336634
CON-105	0.041351241784555265	0.02579561272173214	0.03400333905545468	1.1493352198665021e-06	0.0728145197281515	0.04538847267843499	0.12382114394585989	0.03210558769157981	0.09155185242468121	0.0706466640256201	0.1809221055890419	0.2815983110196687
CON-065	0.04331813187345072	0.02524997134717977	0.03836579887017693	1.1413403410054889e-05	0.07268320721366435	0.042277275090081265	0.12324462630443656	0.03128702767895168	0.09336269504023739	0.06528190843160844	0.1817196599178128	0.28319828482899007
CON-066	0.046196237459208374	0.02716967284654821	0.03776669604756305	5.200888955503489e-06	0.07646305193406554	0.041469391926416986	0.1239782353217047	0.033208505315094186	0.09198428403592694	0.06336383221435903	0.1849212357600927	0.2734736562500647
CON-011	0.04715532057169587	0.0261321499123781	0.04952705188709963	0.0	0.07408507810301795	0.04433297853242281	0.1256642457712296	0.03185246694780461	0.09321819573500079	0.06623430850153568	0.1727278635151204	0.2690703405226947
CON-067	0.05481877044603352	0.024260020502952177	0.03756184538899167	7.141850517916648e-06	0.07279385095795413	0.040243746247191764	0.1371411679402412	0.03033898856056727	0.0912507509555209	0.0688311734330484	0.18000096723686168	0.2627515764801194
CON-068	0.04579714171387126	0.029001213289622664	0.047961072373609345	3.668276704841324e-06	0.07311273994705682	0.04160294562452062	0.12735547851363405	0.034462972635845676	0.09522271435230793	0.060009527714133835	0.17843001584660287	0.26704050971209004
CON-069	0.04159368692852321	0.023608020835385508	0.03461188843980744	2.8299793236818788e-05	0.07270577784841079	0.04418917490002634	0.11431967180585659	0.03446358067318741	0.09339747196164765	0.06432522989961482	0.179337054581382	0.29742014233292136
CON-012	0.04034375420394782	0.025549783039430195	0.04495161974036646	0.0	0.0720233960137359	0.04262613241736678	0.12236714443987198	0.034401741240370376	0.09732626838906767	0.06975704587035615	0.17809254224746587	0.27256057239802073
CON-070	0.043933176066686085	0.02663556144172653	0.043879071449157696	3.117919873791433e-06	0.0739086040251888	0.04103957313040003	0.12324757011765212	0.03433825863504834	0.08938650665289095	0.06100228507392032	0.17935615451368023	0.283270120973775
CON-106	0.03948199870042833	0.02504933300748808	0.05530698683330131	3.0345902762077924e-06	0.06766520678304583	0.04051269434156331	0.12885369477992983	0.03259549849681959	0.09508622913790545	0.06642769445293613	0.17078158767104673	0.2782360412052591
CON-071	0.04721806085719504	0.03020451598002315	0.03909362231321219	3.6739611828776505e-06	0.07837650313991479	0.03934821886466109	0.12201505601765487	0.03662549797615298	0.0928327551148718	0.05835532086911865	0.18090050534259627	0.27502626956341636
CON-026	0.04457900550249442	0.025866267097658494	0.042049487856236294	2.5123460510292433e-06	0.07179850039786236	0.04303838735103569	0.12605274938878222	0.030923551574197072	0.09285512468659769	0.06411217189292398	0.18107162512933794	0.27765061677682273
CON-072	0.04273695861849161	0.02706386826820083	0.037728430003805116	9.490364355878168e-07	0.07090188028181121	0.04629316974336622	0.1263963700637327	0.03231962845940028	0.09454838561494035	0.06730840732161651	0.1850211702323699	0.2696807823558296
CON-107	0.046236357165533	0.028294293278080886	0.051784946889454904	2.598022747301168e-06	0.07690751992645906	0.03773925641118609	0.12350317312089353	0.03522269497898391	0.09331524194850033	0.057655470259331536	0.177299437648089	0.27203901035074046
CON-073	0.04798929253325818	0.025387295737076036	0.04218640484418155	9.843857318013913e-07	0.07336764202568256	0.046263092509310856	0.1351590736959064	0.0324259399057405	0.083351532722626	0.06736845767040323	0.1808526139267297	0.26564767004335327
CON-027	0.044035921123509486	0.02846449388337729	0.03893941115755685	0.0	0.0757164378650537	0.041470729929553696	0.12458449534594157	0.039694644587715364	0.09475557372375641	0.0637237466457449	0.17309788146417718	0.2755166642736136
CON-074	0.03883830803705444	0.025071807158949695	0.057763299786409567	4.207409050343696e-06	0.06508558954003252	0.03753263183228155	0.12729935644712695	0.03136970347396214	0.09775446691326774	0.055897153956696366	0.17280524860135676	0.2905782268438119
CON-075	0.041121268165185215	0.027463376525103996	0.0441308813134593	7.549781273702918e-06	0.06904902208326523	0.044370545077064644	0.1263474095341797	0.0322829159585536	0.09497597858243224	0.06864898554847976	0.17929768990673137	0.27230437752427133
CON-028	0.04411011928155722	0.027955488208873402	0.0481126310040858	0.0	0.07551191868508865	0.04091696493397769	0.12262814868534734	0.03659345201097886	0.09594997289146533	0.06050156796646535	0.17396792565188032	0.27375181068027993
CON-029	0.041792395214819866	0.026500284607493572	0.033862068857884564	1.0035911211724098e-05	0.071842448786483	0.04525654811124976	0.12641706121537968	0.032417007421015304	0.09384320716205462	0.07015723907781872	0.18165023294222976	0.27625147069235945
CON-013	0.041579952817045296	0.028563183258771368	0.0421554302990012	2.4297333726995443e-06	0.07417631020803978	0.0395726392796967	0.12402626715472535	0.03760185855586579	0.09530007484887713	0.06679709537737093	0.17074195758506136	0.2794828008821725
CON-076	0.04697874897737436	0.026275120392553395	0.0411858787582632	5.3326698709981334e-06	0.07451624915762273	0.04193270923339234	0.1265711898911952	0.03375363022465866	0.09493721414797714	0.06388782753844988	0.17778501322567855	0.2721710857829635
CON-014	0.046632677850802634	0.028621369416508922	0.04332945852180583	1.685320264341564e-06	0.07651639519465167	0.03782761668820602	0.12417754593649341	0.035642576599835045	0.09954089268190562	0.053855646177311194	0.1814956877018767	0.2723584479103386
CON-077	0.038973049729530106	0.027182823562361718	0.04175044086436398	1.2443932908870725e-05	0.06933385562832087	0.041616420988740487	0.12221272449410678	0.032171359548426565	0.09287443585317717	0.06785416318267977	0.17774268036093246	0.2882756018544511
CON-078	0.040921763324793164	0.026002330156154208	0.04227216152989945	9.95388805547202e-07	0.06983023054683068	0.042884952082894924	0.12539928567639275	0.033268390494709324	0.09202893873279672	0.06727504844038774	0.17777878275972597	0.2823371208666096
CON-015	0.03986594421732301	0.026671025708766144	0.035296220725177005	5.13690220922225e-06	0.06710908680066452	0.0485568800750277	0.12557391096721507	0.0301376041925304	0.09013345813744152	0.07111484053380056	0.1745059815623705	0.2910299101774745
CON-079	0.04388000909781709	0.026260135007070133	0.0426802741339936	0.0	0.07534796205701712	0.040332848925097406	0.11827206133336267	0.03747677831457469	0.10027060111872416	0.05688405341252521	0.19213224111892124	0.2664630354808966
CON-080	0.037549804524676884	0.027425640596512774	0.07460592593755	1.1722135528539227e-06	0.06519674586155531	0.04228423521724126	0.11349064369855892	0.03107364369091337	0.09561383093471626	0.06568031418886318	0.1616093152167482	0.285468727919111
CON-031	0.04702980582077619	0.02779958660617989	0.03595887180062027	2.0102344441878256e-06	0.07580264673735324	0.04285299934852056	0.12293527696443739	0.03136102048667366	0.09649744976808936	0.06897335473988625	0.18380563731379151	0.2669813401792276
