	environmental information processing	human diseases	metabolism 	genetic information processing	cellular processes	organismal systems	metabolism
DLF001	0.07717016497468945	0.0027146519297575867	0.0013970419269257422	0.12542691682166282	0.013304353385089897	0.0009552264670292825	0.7790316444948452
DLF002	0.09339718454613666	0.004075684684987507	0.0010724554489015604	0.13146750382759181	0.02462730226058955	0.0009174653886211254	0.7444424038431717
DLF003	0.08284335486135531	0.0038403299598448047	0.0011284484007144369	0.16138591863137397	0.023154142688453977	0.0009291796148057005	0.7267186258434519
DLF004	0.07960007292697144	0.0039896607954623	0.0011880043771571919	0.13526974107318743	0.023069569884823452	0.0016293102308041984	0.7552536407115941
DLF005	0.08996918596909337	0.003788662250438645	0.0007681429565659223	0.1561798117204241	0.02257015641580246	0.000435363172357252	0.7262886775153182
DLF006	0.09708891004123846	0.004044185085123965	0.0009713219735150293	0.14352346720371054	0.019450549188995237	0.0008809661467453313	0.7340406003606714
DLF007	0.08875907301400672	0.003457878682972865	0.0011680975494039133	0.12238611062834771	0.02022005721012545	0.00097129785464921	0.7630374850604941
DLF008	0.09696805055665852	0.003799996459397458	0.0015049581488090333	0.10717428175965188	0.019588541433296542	0.0008570171111328098	0.7701071545310537
DLF009	0.1207561542214525	0.006554576661866652	0.0008651266213914787	0.12717797409360845	0.022868401286671634	0.0014795108345631335	0.7202982562804461
DLF010	0.09648594685038538	0.004541324737480756	0.0009862151917381455	0.16468167252090213	0.022394653007446426	0.0009342262825010996	0.709975961409546
DLF012	0.13515060875715984	0.0032826802526339143	0.001478515116176045	0.12279762055833197	0.01974943776760449	0.001292588882073002	0.7162485486660207
DLF013	0.08609012099487706	0.0033665540253717246	0.0009804142331962865	0.1383774341346389	0.015253549100036535	0.001227111515072322	0.7547048159968073
DLF014	0.1014690622955826	0.0037970933656408076	0.0009367129599722619	0.13724521135761925	0.015940203840982877	0.0009223447530772059	0.7396893714271251
DLM001	0.07609842941539853	0.003969475555422727	0.00075066277700328	0.13421099594454766	0.015819933835479805	0.0010190213806708166	0.7681314810914772
DLM002	0.09314242049802107	0.00377622917880174	0.0008935019565359124	0.14312881033616584	0.02541153814443449	0.0009696630672897784	0.7326778368187511
DLM003	0.0743989160684839	0.003460296088116017	0.0011058009172189359	0.1938067220309463	0.01916904971439992	0.0008669997761301954	0.7071922154047048
DLM004	0.07683880508688654	0.0038348682716758697	0.0014805469605613279	0.12199928963835564	0.013738627141951522	0.0009402522206810861	0.7811676106798879
DLM005	0.09136387009506257	0.004007674257956512	0.0010106071338929934	0.14559622305130715	0.018336234956419183	0.000984082566162755	0.7387013079391989
DLM006	0.08723886515707514	0.004022864372710531	0.0014098712896777417	0.14678187742971868	0.02949914186771045	0.0011186267308732393	0.7299287531522343
DLM007	0.08736537725645825	0.0034389973868799023	0.001187143967716549	0.13793121910882652	0.01755236038152153	0.0008464522275036527	0.7516784496710937
DLM008	0.09177285747113363	0.003872838995281265	0.0008625410942985361	0.1381869642831621	0.02359755758120731	0.0006532277460865614	0.7410540128288307
DLM009	0.11696678056456987	0.005981431257639288	0.0006220610124911757	0.13874577788215628	0.03688268220595321	0.00033811047516219125	0.7004631566020281
DLM010	0.10126808924490166	0.006394139873605132	0.0010284789014841536	0.11963394555473722	0.016637209697221884	0.0005213951429003743	0.7545167415851496
DLM011	0.08359980146600604	0.0042340100909029335	0.001459355742907941	0.12562595093806259	0.015095882835263913	0.0006450580536865369	0.76933994087317
DLM012	0.10386628609048461	0.004773276699735507	0.0004840416933868564	0.14622126497549798	0.015594863551645296	0.0004653310283141226	0.7285949359609356
DLM013	0.08840364592292255	0.004368208194222944	0.0011717743461799686	0.13954124267105056	0.015273161724607276	0.0008690469204120829	0.7503729202206045
DLM014	0.07795969007387064	0.0040184997869907365	0.0009826913991054494	0.13050485030265782	0.02021928498595695	0.000973294448680538	0.7653416890027379
DLM015	0.08376088777959585	0.004044354249404116	0.001127361858080302	0.12167954930488771	0.020692117308963465	0.001091335378128748	0.7676043941209398
DLM016	0.0839905383726569	0.003928320727353213	0.0009993548861102499	0.128632892193012	0.016281977081415117	0.0010544048743209137	0.7651125118651316
DLM017	0.07936709556742307	0.004004582459920056	0.0014189307498009584	0.13681518834829895	0.01965758599284094	0.0013986471352419392	0.7573379697464743
DLM018	0.08490469981226599	0.004067453117042976	0.0008134853552739408	0.14450023144225926	0.022813596867740753	0.0008448210897478208	0.7420557123156692
DLM019	0.09314865521974222	0.0035201414804657077	0.0009819766105717777	0.15933356514330582	0.017081388232772686	0.0011189019825416867	0.7248153713306001
DLM020	0.07792130568047019	0.0037131038639182357	0.0015948607653112473	0.1195489437001365	0.01863608549331243	0.0009098360229669134	0.7776758644738845
DLM021	0.08109297544297121	0.004075667543468727	0.0012123928228255077	0.12623463844669738	0.01724012895655672	0.0008059859159363155	0.7693382108715441
DLM022	0.09650583774556497	0.0038621934978837723	0.0008028492072177849	0.16580472555171988	0.021748049978095867	0.0011788843121668343	0.7100974597073509
DLM023	0.09805023407587989	0.0031820495727117233	0.001282548324334442	0.12869054185964068	0.01644437309070534	0.0005478639297344777	0.7518023891469934
DLM024	0.15968591829980747	0.0073334586122092	0.0014057743626250388	0.09680789166480432	0.03146258380290165	0.001509331935917548	0.7017950413217349
DLM027	0.08934669066474278	0.004705038020202262	0.001207478257050898	0.14203072014226678	0.019256207584950388	0.0005546923805117368	0.7428991729502752
DLM028	0.10234841866582431	0.005328208274468192	0.0011882194921317875	0.12953608459635046	0.025395444282131256	0.0010490768199986397	0.7351545478690954
DOF002	0.0921078085373281	0.0040538974764938295	0.0010284472627249302	0.17642662668672895	0.021544140289772553	0.0007488804501511727	0.7040901992968005
DOF003	0.08643797624203617	0.004584747314310446	0.0013163910495406508	0.13232734893041864	0.02301576715783509	0.0007572245296299664	0.7515605447762289
DOF004	0.09206430111875057	0.004259488927431546	0.0010492345845116633	0.12694286709125943	0.023382443628004883	0.0007612145287465681	0.7515404501212953
DOF006	0.07812680034222268	0.0035475717947052324	0.001637949378281659	0.11058080570632087	0.014291480271665241	0.000986716216807361	0.790828676289997
DOF007	0.07557660646121621	0.0034948590061931717	0.0012133154279439225	0.14185227007509973	0.016764004172619786	0.000930410223035815	0.7601685346338914
DOF008	0.10829943659642752	0.004616884905261871	0.0007749634207323885	0.14037773311038454	0.019157124532749075	0.00036134782306514646	0.7264125096113795
DOF009	0.08589344091539296	0.003752729116349057	0.0010740104312691374	0.13215493792098748	0.017210689556186022	0.00071174121320974	0.7592024508466055
DOF010	0.11016550714989966	0.004938436035547485	0.0012805419293933143	0.1254145010888494	0.022748648712299743	0.0009357513338230127	0.7345166137501875
DOF011	0.08389075665925338	0.004200893164046508	0.0012491005031775313	0.13166442327716088	0.017845301388360265	0.0007500494087230091	0.7603994755992785
DOF012	0.10786372687952121	0.004576333062003764	0.0016192697124905145	0.1427774797305459	0.01586825735367407	0.0006287551620713043	0.7266661780996934
DOF013	0.08664381945698804	0.003219401283345966	0.001077522958540091	0.1330247336175819	0.01748328507821208	0.0008608934340814567	0.7576903441712506
DOF014	0.08491838034965193	0.004055295654218058	0.00123171116898973	0.14095001163162596	0.019281651491534085	0.0006915540187219966	0.7488713956852582
DOM001	0.08668571407673246	0.0036861741040232782	0.0011303813974272063	0.135396820875968	0.018674395071858356	0.0008631910410348106	0.753563323432956
DOM003	0.09893169607011493	0.006159635177285589	0.0011451312222357463	0.13997838148219074	0.02253539742186212	0.0017002174961561595	0.7295495411301547
DOM005	0.08332641272483285	0.003885551627512196	0.0012280300697666406	0.10639224357031715	0.019028959796289182	0.001141755988187231	0.7849970462230947
DOM008	0.08109310134864689	0.0041990750970985775	0.0013172465618016447	0.12132297529661597	0.015086281571077777	0.000940111084261794	0.7760412090404972
DOM010	0.0856434765477317	0.0038305157841256837	0.001168973543497383	0.1305817670357247	0.018591465427057825	0.000991938204848512	0.7591918634570143
DOM012	0.10527562593461667	0.00533048311607727	0.0010074892013961288	0.15091296757216785	0.028168832486216586	0.0008632977460825099	0.7084413039434431
DOM013	0.08064064988863606	0.004088403698366003	0.0009436735958943858	0.16967141057399115	0.020058953683468925	0.0007942793200200719	0.7238026292396234
DOM014	0.08246607774989599	0.0031927458089596405	0.0007723772412985982	0.1793290728849465	0.01896024390107444	0.0011470036072273543	0.7141324788065975
DOM015	0.08682653199873547	0.003672442761890823	0.001163849594697755	0.13008270918652792	0.019607012279753266	0.0008754917229899659	0.7577719624554048
DOM016	0.08939330389240785	0.004298232683145434	0.0010285655360556104	0.1252957818957062	0.020745511914907932	0.0010480202352265192	0.7581905838425504
DOM017	0.08226391430826231	0.0034830986460455057	0.0011341146913272555	0.1297689837262557	0.020646829067344732	0.0010314434951672622	0.7616716160655973
DOM018	0.09117472283071483	0.004244334145407978	0.0010755965663505633	0.1312667897294288	0.022065094078176622	0.0007744059260710137	0.7493990567238502
DOM019	0.07993211910904398	0.0038934702658291413	0.0009406353583482959	0.1360256475523078	0.02071999661726772	0.0009063944632953201	0.7575817366339077
DOM020	0.08623046923816859	0.0037119057529141123	0.001088542616180018	0.1340626841014385	0.020337736807691627	0.0006038608215386854	0.7539648006620684
DOM021	0.07989418811307543	0.0042883591511941	0.001082396749686329	0.13376761790840555	0.016454346331468788	0.0008206132911585623	0.7636924784550113
DOM022	0.08844588287781247	0.003987299129163966	0.0010019857070068133	0.13365903881180335	0.020157487103833187	0.0009333471321106028	0.7518149592382697
DOM023	0.07288332720283074	0.004167353544290679	0.0014375066246473604	0.13506840389173141	0.016837636215526412	0.0007745227064820398	0.7688312498144914
DOM024	0.08315079563628348	0.0037981260355954647	0.0010640573832678538	0.13780710593685663	0.019692832302713636	0.0007829143578710579	0.7537041683474119
DOM025	0.09166704801356125	0.005049189330471036	0.0010690331286163225	0.1344391022228136	0.017109886452735295	0.0008984703757027781	0.7497672704760998
DOM026	0.09284311068452848	0.00356349814552385	0.001093343619130262	0.13006869521189968	0.02100525907337932	0.0012666648576490696	0.7501594284078894
NLF001	0.08959609235883752	0.003853612395542543	0.0011554524050432136	0.12879063880848426	0.021667151158687448	0.0008127579303564447	0.7541242949430486
NLF002	0.09038337421124341	0.004017851702519058	0.0010610520941864406	0.1300068771174582	0.025528076118027192	0.0009883789311838909	0.7480143898253818
NLF005	0.09363003839239435	0.004366364142689892	0.0009633271061304535	0.14998914768311658	0.032196493270486036	0.000813012420933744	0.718041616984249
NLF006	0.07597412117713995	0.004251262627094029	0.0007766837779562228	0.1497744329771402	0.021044116968909767	0.001723746379624448	0.7464556360921355
NLF007	0.09555236010250863	0.004123560641133818	0.0007824877564722196	0.14456798628688594	0.02963835054762948	0.0013388451672076463	0.7239964094981622
NLF008	0.08136504605367569	0.0039746192477724245	0.0011172751822929323	0.12493589893094091	0.014030635542109059	0.0010076397786417067	0.7735688852645672
NLF009	0.0912287082088639	0.0036926228889959827	0.0016579032653574138	0.13208052286881966	0.022544892759218282	0.0007122954256127951	0.7480830545831321
NLF010	0.08025813038726747	0.003598237937781581	0.0017147513515714267	0.12300962484748981	0.017258859925988714	0.0008563001509065544	0.7733040953989945
NLF011	0.08860627492054564	0.0035948554228895863	0.0008901519530501044	0.14967948517359492	0.025899569295736103	0.0006245828459558498	0.7307050803882278
NLF012	0.08817542373649484	0.003775880174405358	0.001098618057329553	0.12981944760346506	0.022051030716266448	0.0006774268344529213	0.7544021728775859
NLF013	0.09516667559668356	0.0043255389264784125	0.0009929859018070499	0.1412359994983859	0.030010483671616156	0.0005544111426896967	0.7277139052623394
NLF014	0.07886506936027801	0.0036015567399203113	0.0015268224911906608	0.1234820150827148	0.01570625585698078	0.0010788286313509435	0.7757394518375645
NLF015	0.07579253657947094	0.0036910993943223987	0.0013630498775912187	0.1159861459615409	0.015269939731000883	0.0010810973238997608	0.7868161311321739
NLM001	0.08946414961727178	0.004785493254518867	0.0009901783949143451	0.14149496543804785	0.026676035638964077	0.0006986004322597034	0.7358905772240233
NLM002	0.072308390073479	0.004650038415276872	0.0010266295426452402	0.1444603456430541	0.017847060974318756	0.001816803679938971	0.7578907316712871
NLM003	0.08631970107698905	0.003938785777406149	0.0017927463293284243	0.12786925053259682	0.017599321513170788	0.0010268732024888338	0.7614533215680198
NLM004	0.08988939942304515	0.004447853101918172	0.0010360820180818342	0.14282945287698767	0.025472288585321388	0.0016198764285599056	0.734705047566086
NLM005	0.08798787904390305	0.0032607547289140526	0.0013787861257843978	0.13025474651676947	0.019417388122081557	0.0007745276439838886	0.7569259178185637
NLM006	0.0886943617667277	0.004488615345951176	0.0013078770316102362	0.1379520086931918	0.01680330610595072	0.0007452631199586225	0.7500085679366097
NLM007	0.09401246772941435	0.003806256316262679	0.0011774583897656663	0.1305082333033264	0.017303661546532182	0.0005310287986453612	0.7526608939160533
NLM008	0.10629991455003644	0.00477720689906048	0.0009663610159617108	0.1375474985050825	0.03770541643924425	0.0008007343234069206	0.7119028682672077
NLM009	0.06920324146455673	0.003912061738407177	0.0013078641043794235	0.1558043243625703	0.019974820567935182	0.0009740475311604882	0.7488236402309907
NLM010	0.09136082982635176	0.0035360368862425297	0.0010001837650093581	0.1306032771449109	0.02513254441479523	0.000782164108980866	0.7475849638537093
NLM015	0.09047161704515451	0.004225026027032439	0.0010698666710918672	0.14703255805442822	0.021543319001696943	0.0011002085630163634	0.7345574046375797
NLM016	0.06579101780794527	0.005199925642294724	0.0014489152527087227	0.14678791784975606	0.01931447382632683	0.0013939859162697636	0.7600637637046986
NLM017	0.09290023227957693	0.0037124063313642795	0.0012420544679771987	0.1212454322115473	0.027568261308689803	0.0009628888667449014	0.7523687245340996
NLM021	0.086982096071448	0.003917943962857224	0.0008746065279895647	0.1328104705874733	0.022684865290687344	0.0009388982913196072	0.751791119268225
NLM022	0.10344363752221152	0.005041182839784678	0.0007170120359404086	0.12938759304313663	0.03498302509707064	0.0007062218648273432	0.7257213275970288
NLM023	0.08485200639924523	0.0036142734440182647	0.0013036136237460838	0.12125032411308478	0.016188805056710373	0.0010662299657495536	0.7717247473974457
NLM024	0.07234485873525562	0.004717780822244345	0.0012263061955933158	0.12933488819513272	0.016071382272178705	0.0025548319016070885	0.7737499518779882
NLM025	0.08846981032755427	0.0058707854529759735	0.0004923912146860719	0.1596077849230727	0.032090512401408165	0.0009880678633820857	0.7124806478169208
NLM026	0.0963842691004152	0.0038232266580332996	0.0008291330149430886	0.1513048167396062	0.02312517578040162	0.0008548616742283545	0.7236785170323722
NLM027	0.12146728344599295	0.00585961261701463	0.001331794139722697	0.14053562722706342	0.015599607061504404	0.0007414452979156804	0.7144646302107862
NLM028	0.10239399913537367	0.003951466473095629	0.0009815852787196854	0.12583607234457064	0.027499680967327456	0.0005841853838320994	0.7387530104170807
NLM029	0.09512972490226569	0.0038163985558918676	0.0007970890044077932	0.15079874594366016	0.03193424688087042	0.0007348338175899104	0.7167889608953142
NLM031	0.08938393489554952	0.0038577417752546986	0.000931268847171498	0.12894897626581656	0.02473090505601995	0.0007123292874857487	0.751434843872702
NLM032	0.10062736547752206	0.0035178763342616592	0.000831536503160129	0.14582731499222895	0.022776998279462737	0.0008403303652547955	0.7255785780481098
NOF001	0.08651133791754753	0.0035671916474643533	0.0010819441281305316	0.15696946192202316	0.02277696962478221	0.0007396995798196019	0.7283533951802326
NOF002	0.09373139349623273	0.0037864861637522695	0.0008666075198744915	0.11630394144292969	0.021501322850287864	0.0012443097844310129	0.7625659387424919
NOF004	0.08582647799878794	0.003883420571468541	0.0009762063556113412	0.13564690031595175	0.02536862957892629	0.001144103453952976	0.7471542617253011
NOF005	0.09073296603706604	0.003622687763318513	0.0009428374299240162	0.13325119829631785	0.021302166760080312	0.0008315372394217674	0.7493166064738715
NOF006	0.07829491835200257	0.004118866609255973	0.002649207819447836	0.11908853472114796	0.01680585094717892	0.0010491198116935744	0.7779935017392732
NOF007	0.09178343164715404	0.004131662388060558	0.001166538499652074	0.1331470194540457	0.02107706951655227	0.0006535856183230953	0.7480406928762122
NOF008	0.08453255275895062	0.003726000479850167	0.0008762898717684399	0.1453448089982852	0.019691607632545367	0.0010536037729652272	0.7447751364856349
NOF009	0.07873926831871728	0.004127290698282849	0.0014817840133468491	0.1188877937525567	0.015186340580472519	0.0009126158299217503	0.7806649068067021
NOF010	0.08333072934867328	0.003979842897436536	0.001258963538694904	0.128439257501148	0.020609712106807964	0.0011350129328502245	0.7612464816743891
NOF011	0.08048369854688295	0.0035805147378280494	0.0010878821078515954	0.12967785514576122	0.01862104573061797	0.0008861669218925513	0.7656628368091657
NOF012	0.08152726255272394	0.003765486727589786	0.0009200691055482505	0.17402131687306344	0.021864367628265467	0.0007483109605023425	0.7171531861523068
NOF013	0.08743933180847241	0.003622558833828397	0.0013620157866093942	0.12265565009607914	0.020711191159778954	0.0009057005680264685	0.7633035517472053
NOF014	0.09984986904559888	0.004366868567392625	0.0014803880286631329	0.1562776826341326	0.03201817254967845	0.0007512129161000992	0.7052558062584342
NOM001	0.08477986920527406	0.004581683643876471	0.0012197165578556432	0.14478070660900552	0.022386719107514316	0.0022910470337895597	0.7399602578426844
NOM002	0.11435757748984916	0.0041304996215811044	0.0008934435737645801	0.12632251475072911	0.03611625509109714	0.0005166371258806103	0.7176630723470984
NOM004	0.08460530609177234	0.0036297895363639923	0.001304281790056244	0.11400623980258219	0.015650839449361176	0.0008528650319431783	0.779950678297921
NOM005	0.12358962781144285	0.006306979383256723	0.0009643856520619187	0.12078726932677238	0.029085245618169633	0.0010671290520484896	0.718199363156248
NOM007	0.08797077837597682	0.004263236602989201	0.0007877194302522766	0.16518554138171598	0.02569625409580345	0.0011218856487443855	0.7149745844645179
NOM008	0.08128938779737425	0.0039284100875991435	0.0013713767819502427	0.11865727403891695	0.014682612752693837	0.0009790064679339884	0.7790919320735317
NOM009	0.10618503174759109	0.004160202675269203	0.001140033452056906	0.1379885678489675	0.02676505739482561	0.000497068111564101	0.7232640387697256
NOM010	0.08543827819538405	0.003834982941730431	0.0009636804937429161	0.1352482624004559	0.024952202940787694	0.0008064025682451432	0.7487561904596538
NOM012	0.09259803400852634	0.003670968954433013	0.0009842876388542433	0.1555751124272848	0.023882777351337557	0.0009846406816141952	0.7223041789379498
NOM013	0.09277758646474886	0.003735702419901716	0.0010994365876564234	0.15574486331444018	0.024503452726255304	0.0007336372435003972	0.7214053212434972
NOM014	0.08273192595387602	0.004170386273779337	0.0015407517131317077	0.1319332213483846	0.015366917139682927	0.0007942247728487577	0.7634625727982967
NOM015	0.08319799977640334	0.003754749020389338	0.0010202397221448936	0.1256773248555615	0.016799393817590578	0.0008407009690117795	0.7687095918388985
NOM016	0.08521607329291347	0.003936022142569761	0.0009963083422103412	0.13194596791221785	0.022042865159846967	0.0007740410719423008	0.7550887220782994
NOM017	0.08131564478120705	0.004366482287156481	0.0016362198557720844	0.1455844007379331	0.019881269517840364	0.0008436619158811413	0.7463723209042097
NOM018	0.09906952328291833	0.004723830429516832	0.0009289919154802682	0.13548005301233265	0.028753655459317514	0.0004466779762498735	0.7305972679241846
NOM019	0.08759925973440685	0.0037226859843245714	0.0009552787043393242	0.14500051480535586	0.021824340978334137	0.0009565532333751984	0.7399413665598641
NOM020	0.08067357044324373	0.00557140231321927	0.001296902053254318	0.13129011002561766	0.023259433290085292	0.001397628284520997	0.7565109535900587
NOM022	0.08260370477440447	0.004369762746982202	0.0015595263641209874	0.13907938344436144	0.02104222897756611	0.0010213950744919432	0.7503239986180729
NOM023	0.08351073524908606	0.003613059770815367	0.0013855894143852106	0.12508683179804392	0.01789449876125646	0.000849345625308421	0.7676599393811046
NOM025	0.09454068185179793	0.004241729444358295	0.0010504462074580891	0.11834901790469675	0.023618293080461945	0.000857995866801823	0.7573418356444251
NOM026	0.11682471171626878	0.006329087870843011	0.0007125867920898025	0.13643119698316947	0.026395803426673428	0.0006087137787896782	0.7126978994321659
NOM027	0.10939442468451548	0.003770211408719943	0.0006549717466646638	0.13789901955111056	0.012663780045021847	0.0006536053319358856	0.7349639872320316
NOM028	0.09543579862811187	0.0037981479550918172	0.0011598512553312238	0.12002408608323192	0.01799184846267957	0.0007499300498253297	0.7608403375657283
NOM029	0.08962735790550015	0.004606587736170141	0.0009947480034894949	0.12365787629486942	0.02210856602751576	0.0008319811593502629	0.7581728828731048
T2D-016	0.09136402084668836	0.003998809451641588	0.0010264804060824055	0.12699184179793324	0.01577212797508504	0.0009945907356979046	0.7598521287868715
T2D-017	0.08934263466879902	0.006017645731157733	0.0018114418973409058	0.14496550418056012	0.018109495264249563	0.0005605241102223331	0.7391927541476703
T2D-018	0.08348354506292405	0.003643541157457857	0.0012333208346503107	0.13643525951317562	0.015852874923615826	0.0009235958369706872	0.7584278626712057
T2D-019	0.09503356008305051	0.004679836073769409	0.0010634344383934574	0.11841400254969704	0.018151609539098522	0.0010392098821992632	0.7616183474337918
T2D-020	0.1368601304287885	0.008335547149995503	0.0007041833984246938	0.11227068150138628	0.024250237219447742	0.0012342521115286074	0.7163449681904286
T2D-021	0.08350214008801313	0.003867935165695105	0.0011577840067381337	0.13569659987877858	0.01897869543872782	0.0012394484101870466	0.7555573970118602
T2D-071	0.09299859296785341	0.0038751536542005432	0.0011272230009339787	0.14071965167255185	0.01487496534393273	0.0005500078829315712	0.745854405477596
T2D-022	0.08879405492102117	0.0037031498459680376	0.0013013200599675163	0.14243565728778018	0.021171652313941663	0.0010595612481013937	0.7415346043232199
T2D-046	0.08296732675199144	0.003333441990094109	0.001131312195454496	0.14156425676601317	0.01789565369934022	0.000889465556909085	0.7522185430401974
T2D-001	0.08929954533068621	0.0039021747848575427	0.0011142397866031953	0.1428177162621423	0.019934958764559196	0.0008684095093113188	0.7420629555618402
T2D-047	0.09032082700444656	0.003426907934761775	0.001071039767720176	0.12772110314384175	0.016317703458450822	0.0010179100406638925	0.7601245086501152
T2D-048	0.09270557924596269	0.0038115754085348828	0.0009553497313325807	0.12361989901837322	0.023074408011091382	0.0007438514106080235	0.7550893371740972
T2D-049	0.09751859939142174	0.0036382519640393482	0.0012383591425498125	0.14478998631019424	0.02041831891254562	0.001002910017125577	0.7313935742621236
T2D-023	0.08557626067725728	0.004096647314181855	0.0012052851357944733	0.13950348386302644	0.023968418304052504	0.0005472464628774713	0.7451026582428099
T2D-024	0.10253068513976982	0.004766094838172568	0.0006041611069042911	0.1580521738578393	0.03511167303060014	0.0008712036120688063	0.698064008414645
T2D-050	0.0945774277736274	0.004153785358405659	0.0010158975774564613	0.1395340032194047	0.020770488190211083	0.0008123893817928051	0.7391360084991019
T2D-025	0.08983054542236162	0.0041460590556413	0.0010038004113679705	0.13189299441626873	0.02368959311973425	0.0007492024807740785	0.748687805093852
T2D-072	0.08916887273362316	0.003977611411024082	0.0009480577804118695	0.13943655116340462	0.016717215244936058	0.0011769055564473635	0.7485747861101528
T2D-073	0.07092853918381417	0.004313904137986541	0.0017257483207939709	0.14920607399696287	0.022831636579183856	0.0017665339961665501	0.749227563785092
T2D-051	0.07873037566696806	0.0038920556404181336	0.0013279134427555742	0.12974042297605884	0.02156947278408901	0.0011979705548444827	0.7635417889348659
T2D-026	0.11234158628192291	0.005588692937817414	0.0014487299689510938	0.12898498380135764	0.021973758786756815	0.0011857004521462565	0.7284765477710479
T2D-074	0.10922099665306943	0.005753702290288974	0.0012818513340727812	0.10787457186223263	0.020780868473862478	0.0012563559034198387	0.7538316534830538
T2D-075	0.09392873036039852	0.003691247000750273	0.0010483212434759036	0.13772704146046064	0.020675083261203257	0.0014668365044518481	0.7414627401692596
T2D-076	0.0816806342592225	0.003115048216432111	0.0011428760722827773	0.13301077123853472	0.017579197555075147	0.0008858480218214318	0.7625856246366314
T2D-052	0.10629678654729396	0.004987107833599767	0.0007850366796496612	0.13869687724847216	0.03511929230090458	0.0006232741439253497	0.7134916252461546
T2D-077	0.08921560108747507	0.0037541431845258327	0.0007259341263387302	0.18228324556615905	0.02443951991893346	0.0007675728513605953	0.6988139832652073
T2D-053	0.08226368312002262	0.004035030727769492	0.0015831529941129614	0.14036320945646855	0.024942560243375305	0.0013170729631684188	0.7454952904950827
T2D-002	0.08144181953809751	0.00433984209616041	0.0009740865789927157	0.12228349041445383	0.014850455577738522	0.0006950600907829178	0.7754152457037741
T2D-078	0.10250617864854367	0.004658853088599695	0.0009813506472698614	0.12426149863013611	0.028601770620649003	0.0008204380606474099	0.7381699103041541
T2D-054	0.07985372106421516	0.004414343069372652	0.0009153224928395269	0.13823728080372322	0.01994532293313495	0.0010201975423543286	0.7556138120943602
T2D-079	0.08912643840712031	0.004016918692617685	0.0011490130796706721	0.1346762802212622	0.022873366971181502	0.0006099647504826447	0.7475480178776649
T2D-080	0.08416869949357968	0.0040906766732566385	0.0012545453109930175	0.1245613361989684	0.01822355089095076	0.0010984424283481395	0.7666027490039033
T2D-003	0.0994858307423654	0.004288727609574677	0.0010574547572066214	0.12130328629942554	0.024341530574978527	0.0010368829525559333	0.7484862870638933
T2D-055	0.08705035464992125	0.0035061916884650893	0.0009898500830808512	0.13181351074471592	0.023172352128329018	0.0009853350374951458	0.7524824056679927
T2D-081	0.09350126944647301	0.003732221384030292	0.001064236505577858	0.13356863632495006	0.021153817891643473	0.0010468490864450606	0.7459329693608802
T2D-056	0.09009815248384079	0.0032694542926755246	0.0009059993120445522	0.14494066976065323	0.01676131184789012	0.0012626393144661806	0.7427617729884296
T2D-082	0.08945172855492604	0.004459483768469778	0.0008492792042932415	0.1488066511285715	0.024358319653519513	0.0010584938328980554	0.7310160438573218
T2D-028	0.09610094307139187	0.0036816862927171005	0.0011066327702293783	0.1341987267896953	0.02003299083961195	0.00034313700286060165	0.7445358832334938
T2D-083	0.10188134420526467	0.0031023895520024872	0.0026741113757426543	0.10067770129771801	0.019337433663459518	0.0010758273439509098	0.7712511925618618
T2D-029	0.09817416764712225	0.004228605798772477	0.0010308568463466953	0.1467461321228397	0.01692620800482503	0.0006605422894854658	0.7322334872906082
T2D-057	0.10348058460237256	0.005321243292785651	0.0012465528604387293	0.12437513155388565	0.022625065318286616	0.0011619712889687924	0.741789451083262
T2D-004	0.09471788450452329	0.00411191634461963	0.0011979372031337638	0.1308353136291597	0.028843703127407288	0.0005725974757194994	0.7397206477154368
T2D-058	0.09263228399292132	0.004403099884218857	0.0011000551686579155	0.12987690491806048	0.021711326464903525	0.0006234896906759634	0.749652839880562
T2D-084	0.09414378933603952	0.003147707302209499	0.0009287425938451435	0.1350248006501925	0.017050276130822665	0.000700857161919634	0.749003826824971
T2D-059	0.08801976157344961	0.00421043794935973	0.0010700274892066933	0.14110931102474644	0.02168119158715575	0.0008822404612141582	0.7430270299148676
T2D-030	0.08880969563085502	0.00409023004186384	0.0008789965810122696	0.14573716860979258	0.02066714690890127	0.0008833127961495737	0.7389334494314255
T2D-005	0.11114135304010939	0.006480696512779114	0.0010221337835917088	0.11780474338606882	0.02938822059459079	0.001142945783532129	0.7330199068993282
T2D-031	0.0839457436083987	0.0036120562480827126	0.010313124586781599	0.11705341526233616	0.015218118437997617	0.0005095547802247459	0.7693479870761785
T2D-085	0.0944805644174154	0.0036053548654067223	0.0007098649165904135	0.15528829423889465	0.020071721744726427	0.0008968987293021509	0.7249473010876643
T2D-086	0.07135729797942231	0.004693285826436607	0.0009065013222474311	0.1486624709381918	0.02093436490080049	0.0017388741475120632	0.7517072048853893
T2D-006	0.06645866845477032	0.004763302787475696	0.002158576275163684	0.14869361310229243	0.018784235262754134	0.0007903225741914226	0.7583512815433524
T2D-007	0.08490298909518249	0.0038373262200816177	0.0017199809312345704	0.14073955671396976	0.019087948392900487	0.0010004229186478717	0.7487117757279832
T2D-060	0.10667281971815591	0.003410040797321067	0.0011381332757805646	0.13006443387948527	0.020312437795780937	0.0008405739756358091	0.7375615605578405
T2D-087	0.1452873598253887	0.004623068988895442	0.0008874354634346671	0.09873239379072982	0.02721516089382518	0.000695976272876287	0.7225586047648499
T2D-008	0.08832984614648927	0.0040778194407470325	0.0008827341487462425	0.1595798983083579	0.020037447864764295	0.000741940799508295	0.7263503132913869
T2D-088	0.09200961183614807	0.005349186975234419	0.0010650675039171995	0.13188781524405935	0.02780479397609014	0.0010122988927701102	0.7408712255717806
T2D-009	0.0980601093220506	0.004037277146335091	0.0008582934943352215	0.13718484475757156	0.03157554507175148	0.001045668143838301	0.7272382620641177
T2D-089	0.07699533292716579	0.0037975953619990054	0.0013535498848520143	0.1261657430902763	0.016552515573551033	0.0007688048143964907	0.7743664583477594
T2D-036	0.0911325877703378	0.0037781874131892932	0.0007689641469217803	0.14662852788205527	0.021929754108216737	0.0009872421356078747	0.7347747365436712
T2D-039	0.09130489606176129	0.004259826156467917	0.0007049625798600822	0.1385659761887272	0.016172001694471635	0.0015419758633512986	0.7474503614553606
T2D-090	0.0949357856587715	0.004048809166289019	0.0010595641724730988	0.11762842309897487	0.019710182061381882	0.0013508030451468078	0.7612664327969628
T2D-091	0.08923420164975036	0.0037188857651074283	0.0009766021276461138	0.13171117408402938	0.014900136689374486	0.0008014223192796458	0.7586575773648125
T2D-062	0.09056111546210692	0.0038530266519225314	0.0010011619714607768	0.13155995384939329	0.022803943409837223	0.0007834392404220233	0.7494373594148572
T2D-063	0.08432259544324802	0.0038444640108338457	0.0012735238303625057	0.12319791901398444	0.02032636477080824	0.0009749664377656434	0.7660601664929972
T2D-040	0.07525354911919752	0.0044496975615554496	0.0013269960386076037	0.14340093919905483	0.024411725024174463	0.0010271051970216312	0.7501299878603885
T2D-092	0.10671368708372912	0.004913405557918593	0.0012939800182033652	0.13861711704272967	0.017188512840121534	0.0006176516057392185	0.7306556458515585
T2D-064	0.08740865678174764	0.004102081923644076	0.000872630633124819	0.14033203726066104	0.021589754681352633	0.0012184633746146571	0.7444763753448552
T2D-093	0.08719765441484521	0.004018888768784632	0.0010635737463508114	0.134199110995089	0.022499205449974274	0.0006806744433250686	0.750340892181631
T2D-010	0.09024168629265371	0.0038743758424527844	0.0015515417745485438	0.12788423852176423	0.01778930858645457	0.0007474781542005454	0.7579113708279256
T2D-094	0.09874583090188697	0.003568184628282972	0.0008229463354027477	0.13042329041439743	0.024107055750854457	0.000615424787457436	0.7417172671817179
T2D-011	0.10546918350249093	0.006049692901578546	0.0012942208633681342	0.12615010549498365	0.02630455283413178	0.00114410907999088	0.733588135323456
T2D-041	0.10016554161142392	0.004441821624042341	0.000755016285573005	0.13976168950585977	0.026273205431309444	0.0007024740052020436	0.7279002515365895
T2D-095	0.16385434031856422	0.013260808249740975	0.0015558606280063685	0.09542428302061187	0.030012078356632912	0.0014317311338114661	0.6944608982926321
T2D-096	0.09531421565357619	0.003853856589790786	0.0008043144358373256	0.15164332225271648	0.018241732277035214	0.0011445427452677808	0.7289980160457762
T2D-065	0.08704992170535866	0.0038576303412962043	0.0011226549046004853	0.13143363807711866	0.018876929348724668	0.0010526758547149287	0.7566065497681863
T2D-097	0.07638028261203604	0.004163121706645948	0.0009304160534118698	0.15400183829949873	0.019265898164243348	0.001280749929208704	0.7439776932349553
T2D-066	0.09038826203625565	0.0038613315093565764	0.0008186293812788152	0.14226827611482354	0.019759612937101143	0.0007889510230044957	0.7421149369981797
T2D-098	0.08319184087982405	0.004372497439849166	0.001320400052050603	0.14370405843090547	0.02055570144859215	0.001579888940306939	0.7452756128084717
T2D-012	0.09424948136093277	0.004055505135085235	0.0012327303017377735	0.14035739630144323	0.024625193970239306	0.0011519062877913887	0.7343277866427703
T2D-042	0.09658616977765026	0.003821830883331451	0.002144545211489707	0.14276596041119746	0.0233512108258961	0.0007226819471629586	0.730607600943272
T2D-013	0.09399942646312226	0.003975168414687165	0.000919258574959339	0.13924545093524912	0.02899273319993429	0.0008720805142174615	0.7319958818978304
T2D-099	0.08061437304811284	0.004339421092142114	0.0008233830003819905	0.13559793510345794	0.01743387729929373	0.0010094246949546712	0.7601815857616566
T2D-100	0.09371386341091648	0.003914020351324048	0.0007733157233128297	0.16794465936304231	0.020888654509305195	0.000668101303824542	0.7120973853382746
T2D-101	0.15629416036713586	0.0029745182216044286	0.0004421299261696465	0.08555740543391559	0.031384784866117406	0.000745636786458447	0.7226013643985987
T2D-102	0.131038472480501	0.0074240836292942345	0.0008914886439409237	0.11925486821667562	0.023730894986987827	0.0021258601403747824	0.7155343319022255
T2D-067	0.08636390545735699	0.0035631433459515946	0.0010380488277396507	0.1328043082103954	0.015417451389936268	0.0008232938948108755	0.7599898488738093
T2D-103	0.11763603051816456	0.005148757940093769	0.0011204879046476542	0.12209579722631664	0.024079513011445584	0.0006897160686911074	0.7292296973306407
T2D-104	0.08074769987357651	0.003467503909982445	0.0011662314903540586	0.14063377668276753	0.016502213215763176	0.001175331290166818	0.7563072435373895
T2D-043	0.0861252797454948	0.003871322754327018	0.0007502438031182157	0.13935161458239642	0.018563837308086726	0.001065749790954384	0.7502719520156225
T2D-105	0.09157596463237479	0.004358494589432495	0.0011364539907220551	0.1466004393700648	0.027894947292474367	0.0008419606239795116	0.727591739500952
T2D-044	0.0792443774252556	0.00466066032829981	0.0013930762985602024	0.13115049584160118	0.014031411068171547	0.0007015429377326623	0.768818436100379
T2D-106	0.08339960075509338	0.004875327852875627	0.0016537006210322256	0.14834278347055924	0.02400327583058582	0.0014445360813523688	0.7362807753885013
T2D-014	0.11668281112598473	0.007301899333449012	0.0009928046670060592	0.10863833167435093	0.01679375507440473	0.0008019236638800313	0.7487884744609246
T2D-068	0.08087060733259474	0.003210205754583834	0.001692491917958006	0.12373715847387586	0.015959594552801257	0.001136753595545487	0.7733931883726408
T2D-107	0.08416928132571762	0.003810198419230281	0.0011214320234736617	0.140653671575137	0.019785963401783582	0.0008116137521977491	0.7496478395024602
T2D-069	0.08003250123353632	0.004476751337883674	0.0009707240137662622	0.13981787031605822	0.02659871587318492	0.0021781532727279075	0.7459252839528427
T2D-045	0.07935025380422152	0.004140831549929605	0.0017327049984027427	0.13724886965990707	0.01710897447692999	0.0010785208445934216	0.7593398446660157
T2D-070	0.09383695039072003	0.004333151201288031	0.0010957727406314711	0.1343002602955299	0.021042879338115942	0.001168955623293235	0.7442220304104213
T2D-015	0.0826690143395741	0.0036632351454000574	0.0012248385984493092	0.13840824720966177	0.018691764890210693	0.0009387265204170388	0.7544041732962871
T2D-108	0.09531076641326218	0.0038176571206530187	0.0008660880431258465	0.12977842627330655	0.025493188455523518	0.000641066453198363	0.7440928072409306
CON-016	0.09069820710704578	0.0038790976350909587	0.0009480173343263793	0.127480165152834	0.026239736349392806	0.0006385133443274782	0.7501162630769825
CON-032	0.08150701430623572	0.003844843582848648	0.0019499143834333984	0.14566485478331576	0.01934174478835475	0.0008123027942959811	0.7468793253615157
CON-033	0.09274823284048167	0.004049455255690811	0.0007305905654901362	0.1458090623295008	0.02957733338653284	0.0007439877200372453	0.7263413379022665
CON-034	0.0827771399492996	0.0038689938262362234	0.0009646734351851605	0.1376795508158901	0.023992319699328777	0.0005832746010881565	0.750134047672972
CON-017	0.09525484321613253	0.004097711628503327	0.0009986435447339119	0.13128561392827734	0.025267476675353995	0.0006117410806432696	0.7424839699263557
CON-035	0.08571765126513584	0.0036321871023042678	0.0007023976935816306	0.1459180963646431	0.018302021636623155	0.0011940444053125244	0.7445336015323996
CON-036	0.08819540613977374	0.003998682181459491	0.0010115832828015685	0.12690954427634082	0.022877083610760216	0.0009578881159288117	0.7560498123929353
CON-037	0.07229014103218312	0.004778930831464094	0.0017376644354534611	0.1425462439662988	0.020190697559435828	0.0010274834902143015	0.7574288386849504
CON-001	0.08605064694098788	0.003961688072706393	0.0013275638161783067	0.14502336920822023	0.01859726684440712	0.0012130057934961914	0.7438264593240039
CON-038	0.09533079752033087	0.003852194611862491	0.0006852946265288827	0.13722032229125739	0.020223412906509714	0.0003046726202707839	0.7423833054232398
CON-018	0.08537511484839329	0.004524096819251452	0.0009034265589402116	0.14034685786876228	0.02054349970139439	0.0010386806380753772	0.7472683235651829
CON-081	0.08595551251466896	0.003814449863594652	0.0011506740932663848	0.1294641842035027	0.02053136643140856	0.0006032381381539966	0.7584805747554048
CON-082	0.07826183940734886	0.004134853088303698	0.0018014525531957362	0.14879928420121616	0.01961928615215974	0.001231859174381252	0.7461514254233945
CON-019	0.08635221062084374	0.003493593070759709	0.0013341624531480326	0.13018176145010948	0.01610760620072453	0.0008835827273473802	0.7616470834770671
CON-039	0.10010692844255834	0.005116087110043767	0.0012414937782892414	0.11292940235345568	0.01995439893105532	0.001015703423140365	0.7596359859614572
CON-002	0.0829575181274336	0.003700784716959213	0.0011334568109339633	0.13366430214907385	0.018586973945302464	0.0006781190418831593	0.7592788452084137
CON-083	0.08885043934779824	0.00490717947305017	0.0011352661515759686	0.1469630115662328	0.023697136795911428	0.0007776666907590695	0.7336692999746722
CON-084	0.09260330530688266	0.004537761411302983	0.0009983718455528169	0.1409251336722767	0.03296066775460788	0.0005179248166210838	0.7274568351927558
CON-003	0.083899766000668	0.004877171486457182	0.0013374838970831397	0.14818955554714655	0.021182810404331325	0.0009282692540388423	0.739584943410275
CON-040	0.09725454609548566	0.004214823232088479	0.0011542161765520297	0.14118670221828025	0.018623348003230795	0.000793497020714187	0.7367728672536487
CON-041	0.09255653107017153	0.003874449609370217	0.0013972002072848153	0.15152541854381357	0.0236822981510443	0.0013283940989885846	0.725635708319327
CON-042	0.10380438018245541	0.0060559953400627685	0.0010138926049356128	0.12159397911112949	0.02188497944881914	0.001198913821986785	0.7444478594906109
CON-043	0.09964629609217146	0.004598184259707726	0.0009545521553926971	0.15157790300214447	0.019650039939327457	0.0009826787942136454	0.7225903457570425
CON-004	0.07916281751326269	0.0036650633224465097	0.0010109064245292917	0.1234132342316122	0.018138957211450306	0.0009631912928525488	0.7736458300038465
CON-044	0.09336256847214655	0.0047726442178109615	0.0010517095709617836	0.14007493077657956	0.025603407321675327	0.001245647209689177	0.7338890924311366
CON-085	0.10924820443823584	0.00682612291659356	0.0010667027307342252	0.12705695731842417	0.02044099461186191	0.0009291372126956764	0.7344318807714546
CON-020	0.07427129516403369	0.004711520613028917	0.0015438872382412176	0.1437543960368436	0.021985361524979753	0.0008803651201397506	0.752853174302733
CON-045	0.09166045367235628	0.003185607313491012	0.0021102484672559643	0.12297531109510018	0.015626623231429014	0.0014125252444210834	0.7630292309759464
CON-046	0.07367909375190228	0.004416871344210593	0.0015400738607310315	0.1388280061687309	0.016520917194626984	0.000755622553641723	0.7642594151261566
CON-086	0.07955859567485389	0.00467334934148808	0.0013466070398751252	0.12843906819776205	0.01812968050842601	0.0007747851224351992	0.7670779141151596
CON-087	0.0711473701333827	0.004908651350276502	0.002098482025899955	0.14041147099442863	0.018952340656119185	0.001728267846938361	0.7607534169929546
CON-047	0.08743153310834259	0.004215206848577934	0.0011205712993177389	0.13049185928527912	0.02390542542776845	0.0009267214699576891	0.7519086825607566
CON-088	0.09051046801708619	0.003494981646113131	0.0012077994207812385	0.13003340744513386	0.02119762221270889	0.0009161522137976034	0.7526395690443791
CON-005	0.09452548711195605	0.003981340155094215	0.0009514096517207177	0.15180359417064918	0.022140323238435546	0.0008689423453345659	0.7257289033268097
CON-006	0.08304229682443112	0.0034765761790582416	0.0011152407540118278	0.12815469607909966	0.019458889760071547	0.0011539787221805109	0.7635983216811472
CON-089	0.07839100479368562	0.0036851144423851573	0.0008662506259890247	0.1312432244165942	0.01731608080550329	0.0009441261966809064	0.7675541987191619
CON-048	0.09044725250149359	0.0054427932776449925	0.001369064463475223	0.11154731250035856	0.017371480608717797	0.001041321919545559	0.7727807747287642
CON-090	0.09182913986685075	0.0044322907205544835	0.0010316398553936272	0.13002212433155205	0.023350073707372715	0.0006957899329990999	0.7486389415852773
CON-007	0.08810831544792348	0.004250634332841282	0.0026703239440562187	0.11776136098881233	0.017527926353887963	0.0010343093806006903	0.7686471295518781
CON-091	0.08398698778566459	0.003916115714020227	0.0008940773826921336	0.13832400800665287	0.020997542586703177	0.0010664548164595528	0.7508148137078074
CON-008	0.08590189286824136	0.003466504141797621	0.001084989280618097	0.11531624624290684	0.019594262638131955	0.0013128202489266657	0.7733232845793774
CON-049	0.09193728464691002	0.003979447184063473	0.0008772933473910152	0.12809878494829544	0.029755110776587938	0.0008326869984011766	0.7445193920983509
CON-092	0.07924332370716813	0.0038270633233053256	0.0013010750024820444	0.13132865340256594	0.016971065889961404	0.0006488959952085561	0.7666799226793087
CON-050	0.07650921032779381	0.0033085413172821068	0.0012634695123217748	0.10652143572767349	0.018053182147094945	0.0014311289188189533	0.792913032049015
CON-009	0.08369985672304395	0.0037287081703195873	0.0008910279165691913	0.14639359800118054	0.016785356279161834	0.0010574561805911137	0.7474439967291339
CON-051	0.10777125391662194	0.004818761491770494	0.00048522463774091176	0.12880585335523115	0.03691949467719222	0.0007841480059902358	0.720415263915453
CON-093	0.08056067889240083	0.005015113318790896	0.0008747751335259336	0.15126009937320645	0.027184433602816856	0.002019090131454183	0.7330858095478049
CON-052	0.09122972213599827	0.0041567449757401054	0.0010055102675233507	0.13981774738496655	0.02183297951697593	0.0008258217305732345	0.7411314739882225
CON-053	0.08479115133336516	0.0036080102613759856	0.0009839278460420638	0.15058323712476873	0.01964361198720041	0.0008158406111870594	0.7395742208360606
CON-054	0.08897250430495653	0.003732413453787808	0.0009051089155334496	0.1489528928075131	0.025516044437852502	0.0007703047150930605	0.7311507313652637
CON-095	0.09235561501551412	0.00435079097814151	0.0009586607508178162	0.1380501381055016	0.0282738135373388	0.0004536885982072639	0.7355572930144789
CON-021	0.09664973280998508	0.003777041123639047	0.0008586338094411787	0.1410341735615003	0.02008219252979798	0.0009811338304307456	0.7366170923352057
CON-055	0.08589658286293526	0.004411761865825515	0.0013455134769377694	0.1188802801112469	0.016081224043504736	0.0009815266133565237	0.7724031110261933
CON-022	0.08231252732427526	0.0044435670669960205	0.0007537364982397784	0.14003368526047297	0.02628291820530203	0.0006317151403316731	0.7455418505043823
CON-096	0.08507139029287245	0.004123349013901732	0.0014500014012012762	0.11898887555123284	0.02114204035993087	0.0012022862770439137	0.7680220571038169
CON-097	0.08303344957234622	0.004230945527448099	0.0009303539262802735	0.13410123128024964	0.017744029046417423	0.0008179461913420373	0.7591420444559163
CON-023	0.09051434383821913	0.003736900533158513	0.0009080335689771988	0.1220895490803691	0.02217806450810986	0.0007798593344488322	0.7597932491367173
CON-098	0.09048919267906563	0.0037186940489814598	0.0008763117865523642	0.13700441648332437	0.026066786346713965	0.0006692064208001499	0.7411753922345621
CON-056	0.09376276978582866	0.0041641250311721615	0.0012630337301841152	0.12938372601890155	0.024142891488318018	0.0008545687106969882	0.7464288852348985
CON-099	0.08092437796044	0.003755139690835494	0.0014721449865943322	0.16049769707446374	0.02414283189251524	0.0009089612314649147	0.7282988471636863
CON-057	0.08599346348569978	0.004268265074817604	0.0010969052036867166	0.1332902976896905	0.026147566470127632	0.0010534452216446714	0.7481500568543331
CON-101	0.0898951370271506	0.004435016834986532	0.0007127204515999935	0.14105123906878494	0.02658573264625326	0.0007778975926294761	0.7365422563785952
CON-058	0.07928450293909466	0.003138805387283065	0.0015886958512205177	0.12080160933721139	0.01603024177134174	0.0007930940500272975	0.7783630506638214
CON-059	0.08893303706314513	0.004176931458150728	0.00037687335335150773	0.1561951744231298	0.029407655836465915	0.001426781772428067	0.7194835460933289
CON-060	0.1268804462193575	0.004124841922777367	0.001022472167350048	0.12310518459526022	0.035830400174687506	0.0004897260990013502	0.708546928821566
CON-061	0.07046465022939781	0.0046802104580312125	0.0015018093523776397	0.14592263930408972	0.020247255074017475	0.0019377218587734086	0.7552457137233127
CON-104	0.11834704960755511	0.007083448947424051	0.0008219358669247117	0.12227510320373539	0.03197938355071393	0.0005404677086498327	0.718952611114997
CON-062	0.0781453008484825	0.0048238683136376526	0.0015212550989863079	0.14068328831131052	0.018326767940344223	0.0019276513185721338	0.7545718681686666
CON-010	0.12091680570145348	0.005469674897008103	0.0006171343155011055	0.12870374971418064	0.04296941676962248	0.0006565540390696503	0.7006666645631645
CON-063	0.08814895350652503	0.004414119327865517	0.0009671856359311147	0.1402866606886841	0.025659825707523863	0.001849293894550186	0.7386739612389203
CON-064	0.08683844884496202	0.004118459797828693	0.0010523464626126535	0.12287246180771762	0.020092935740381557	0.0006198806094398964	0.7644054667370576
CON-105	0.10990179686909665	0.004518834222871271	0.0007836309125310623	0.13269739953334586	0.03863561355517098	0.0002598019673268453	0.7132029229396574
CON-065	0.10939708824879077	0.0038635069555413228	0.0008511030034782782	0.13595662097098385	0.027539921830946477	0.0005903751980098235	0.7218013837922495
CON-066	0.0931745391232064	0.0041643488314657695	0.0007760520817018215	0.14601596043747533	0.025979101678958012	0.0011825487779041064	0.7287074490692886
CON-011	0.08132512351233227	0.004187646425349894	0.0008108361228477134	0.1521320217339113	0.02004374643039047	0.0010194705922384306	0.7404811551829299
CON-067	0.09228988172955664	0.004518315104395042	0.0016925790078250091	0.14827924513104956	0.018695409387450797	0.0007278132433093518	0.7337967563964136
CON-068	0.07978694451813223	0.00475147433000752	0.0011976046889484119	0.14698329682247663	0.02160024580989551	0.0019087149496074022	0.7437717188809323
CON-069	0.10817625802934863	0.0027949814372476146	0.0004750617850446692	0.13022708204058614	0.02146653284168233	0.000708495613790432	0.7361515882523002
CON-012	0.1024190038834117	0.005035315529274088	0.0007410240517587087	0.1325867699775165	0.02700716164604817	0.0005001261943822152	0.7317105987176087
CON-070	0.09169613202564982	0.004291399722510951	0.0011208172340771158	0.14211675368791737	0.02818922284556638	0.0015198524366637144	0.7310658220476147
CON-106	0.09966155877555083	0.004975680178342477	0.000694280105769549	0.12747683186572517	0.02092066466638256	0.0007668614512887164	0.7455041229569407
CON-071	0.07883992772498186	0.004219682557440141	0.0013213859381117328	0.14292820185898836	0.021078700393468052	0.0010990303642051426	0.7505130711628047
CON-026	0.09625906026326396	0.004280735584667057	0.0008196848371649668	0.1405800405617456	0.028837820317033996	0.0009723223734006689	0.7282503360627237
CON-072	0.10691930554446895	0.004334136143055504	0.0008653622930903956	0.1351986127881651	0.03331654516579228	0.0006846268785370304	0.7186814111868908
CON-107	0.08031542956000591	0.004627488405691371	0.0013065167020500435	0.14403998199894028	0.025365240687627747	0.0011002269685759178	0.7432451156771087
CON-073	0.09615484543436695	0.0035860952682605822	0.0008077148574215155	0.15454158686364913	0.01581187895380274	0.0017063395365098754	0.7273915390859892
CON-027	0.09632990045631498	0.006925816638732911	0.0009817468928342635	0.12859238389340222	0.02436023648634913	0.002172757583848098	0.7406371580485183
CON-074	0.08844396193692618	0.004208638622296664	0.0008918444020946524	0.12524119410546536	0.020351916675120537	0.0008118680800048724	0.7600505761780918
CON-075	0.09390746156130286	0.004525496717518997	0.0007958771579134326	0.13413840158066662	0.03005387033146083	0.0007303570874558823	0.7358485355636813
CON-028	0.09471369290342	0.005453283267311043	0.0009440107472247865	0.1368114116981325	0.02668405148416909	0.0013000425451914477	0.7340935073545511
CON-029	0.11276461445656104	0.005306518853326457	0.0007029163264682057	0.13233643645874874	0.04321254775406703	0.00039860362280239183	0.7052783625280262
CON-013	0.0978512755282321	0.006485528283517794	0.0014099578626436207	0.12415388211243501	0.022217599501897396	0.001445938275236319	0.7464358184360378
CON-076	0.0961489507789453	0.004233888119207482	0.0006705742848909194	0.14441906043995031	0.027339416107446578	0.0010826675953918379	0.7261054426741675
CON-014	0.07714278690466882	0.004371434328731391	0.0008164874405874506	0.14337077700859	0.022929670393064757	0.0019279744635258382	0.7494408694608317
CON-077	0.09908413814692449	0.004144901926807529	0.0007616565079501958	0.12994763724561476	0.029160406430907972	0.001064423536654724	0.7358368362051403
CON-078	0.10396721047193348	0.004616465422741836	0.0009428936302408779	0.12677966575954194	0.029582578426525456	0.0006953526740928187	0.7334158336149236
CON-015	0.11046594039365014	0.004587344595029361	0.0007694966150167152	0.12669400693089336	0.02354516553731075	0.000484960595387757	0.7334530853327119
CON-079	0.07135886505435199	0.004187284750019227	0.00132441646606254	0.14771425063444354	0.014757900067563653	0.0022420355582500944	0.758415247469309
CON-080	0.07476808643631605	0.0034136452612238103	0.0012223805514572177	0.12686368045846655	0.015533279659312298	0.0012188650335207838	0.7769800625997032
CON-031	0.10819921572925877	0.005002813491739173	0.0002850300313350214	0.14823188118335812	0.04486594987038849	0.0006632412121933783	0.6927518684817271
